28466667.000000; 2.42; 1.73; 179.08
28483333.000000; 2.42; 1.73; 179.08
28500000.000000; 2.42; 1.73; 179.08
28516667.000000; 2.42; 1.73; 179.09
28533333.000000; 2.42; 1.73; 179.09
28550000.000000; 2.42; 1.73; 179.09
28566667.000000; 2.42; 1.73; 179.08
28583333.000000; 2.42; 1.73; 179.08
28600000.000000; 2.42; 1.73; 179.09
28616667.000000; 2.42; 1.73; 179.10
28625000.000000; 2.42; 1.73; 179.09
28641667.000000; 2.42; 1.73; 179.08
28658333.000000; 2.42; 1.73; 179.09
28675000.000000; 2.42; 1.73; 179.09
28691667.000000; 2.42; 1.73; 179.08
28708333.000000; 2.42; 1.73; 179.08
28725000.000000; 2.42; 1.73; 179.09
28741667.000000; 2.42; 1.73; 179.08
28758333.000000; 2.42; 1.73; 179.09
28775000.000000; 2.42; 1.73; 179.08
28791667.000000; 2.42; 1.73; 179.10
28808333.000000; 2.42; 1.73; 179.08
28825000.000000; 2.42; 1.73; 179.08
28833333.000000; 2.42; 1.73; 179.09
28850000.000000; 2.42; 1.73; 179.09
28866667.000000; 2.42; 1.73; 179.08
28883333.000000; 2.42; 1.73; 179.08
28900000.000000; 2.42; 1.73; 179.08
28916667.000000; 2.42; 1.73; 179.08
28933333.000000; 2.42; 1.73; 179.08
28950000.000000; 2.42; 1.73; 179.09
28966667.000000; 2.42; 1.73; 179.08
28983333.000000; 2.42; 1.73; 179.08
29000000.000000; 2.42; 1.73; 179.08
29016667.000000; 2.42; 1.73; 179.09
29033333.000000; 2.42; 1.73; 179.08
29041667.000000; 2.42; 1.73; 179.09
29058333.000000; 2.42; 1.73; 179.09
29075000.000000; 2.42; 1.73; 179.09
29091667.000000; 2.42; 1.73; 179.08
29108333.000000; 2.42; 1.73; 179.09
29125000.000000; 2.42; 1.73; 179.08
29141667.000000; 2.42; 1.73; 179.09
29158333.000000; 2.42; 1.73; 179.07
29175000.000000; 2.42; 1.73; 179.08
29191667.000000; 2.42; 1.73; 179.09
29208333.000000; 2.42; 1.73; 179.09
29216667.000000; 2.42; 1.73; 179.09
29233333.000000; 2.42; 1.73; 179.09
29250000.000000; 2.42; 1.73; 179.08
29266667.000000; 2.42; 1.73; 179.08
29283333.000000; 2.42; 1.73; 179.09
29300000.000000; 2.42; 1.73; 179.09
29316667.000000; 2.42; 1.73; 179.07
29333333.000000; 2.42; 1.73; 179.09
29350000.000000; 2.42; 1.73; 179.07
29366667.000000; 2.42; 1.73; 179.08
29383333.000000; 2.42; 1.73; 179.08
29400000.000000; 2.42; 1.73; 179.08
29416667.000000; 2.42; 1.73; 179.08
29433333.000000; 2.42; 1.73; 179.08
29441667.000000; 2.42; 1.73; 179.08
29458333.000000; 2.42; 1.73; 179.08
29475000.000000; 2.42; 1.73; 179.08
29491667.000000; 2.42; 1.73; 179.09
29508333.000000; 2.42; 1.73; 179.08
29525000.000000; 2.42; 1.73; 179.08
29541667.000000; 2.42; 1.73; 179.08
29558333.000000; 2.42; 1.73; 179.08
29575000.000000; 2.42; 1.73; 179.08
29591667.000000; 2.42; 1.73; 179.08
29608333.000000; 2.42; 1.73; 179.08
29625000.000000; 2.42; 1.73; 179.09
29633333.000000; 2.42; 1.73; 179.09
29650000.000000; 2.42; 1.73; 179.10
29666667.000000; 2.42; 1.73; 179.08
29683333.000000; 2.42; 1.73; 179.09
29700000.000000; 2.42; 1.73; 179.09
29716667.000000; 2.42; 1.73; 179.09
29733333.000000; 2.42; 1.73; 179.08
29750000.000000; 2.42; 1.73; 179.09
29766667.000000; 2.42; 1.73; 179.08
29783333.000000; 2.42; 1.73; 179.08
29800000.000000; 2.42; 1.73; 179.08
29816667.000000; 2.42; 1.73; 179.09
29833333.000000; 2.42; 1.73; 179.09
29841667.000000; 2.42; 1.73; 179.08
29858333.000000; 2.42; 1.73; 179.08
29875000.000000; 2.42; 1.73; 179.09
29891667.000000; 2.42; 1.73; 179.09
29908333.000000; 2.42; 1.73; 179.08
29925000.000000; 2.42; 1.73; 179.09
29941667.000000; 2.42; 1.73; 179.07
29958333.000000; 2.42; 1.73; 179.09
29975000.000000; 2.42; 1.73; 179.09
29991667.000000; 2.42; 1.73; 179.08
30008333.000000; 2.42; 1.73; 179.08
30025000.000000; 2.42; 1.73; 179.08
30033333.000000; 2.42; 1.73; 179.08
30050000.000000; 2.42; 1.73; 179.08
30066667.000000; 2.42; 1.73; 179.09
30083333.000000; 2.42; 1.73; 179.09
30100000.000000; 2.42; 1.73; 179.08
30116667.000000; 2.42; 1.73; 179.08
30133333.000000; 2.42; 1.73; 179.08
30150000.000000; 2.42; 1.73; 179.08
30166667.000000; 2.42; 1.73; 179.08
30183333.000000; 2.42; 1.73; 179.08
30200000.000000; 2.42; 1.73; 179.08
30216667.000000; 2.42; 1.73; 179.08
30225000.000000; 2.42; 1.73; 179.09
30241667.000000; 2.42; 1.73; 179.09
30258333.000000; 2.42; 1.73; 179.09
30275000.000000; 2.42; 1.73; 179.09
30291667.000000; 2.42; 1.73; 179.09
30308333.000000; 2.42; 1.73; 179.09
30325000.000000; 2.42; 1.73; 179.08
30341667.000000; 2.42; 1.73; 179.09
30358333.000000; 2.42; 1.73; 179.08
30375000.000000; 2.42; 1.73; 179.08
30391667.000000; 2.42; 1.73; 179.08
30408333.000000; 2.42; 1.73; 179.09
30425000.000000; 2.42; 1.73; 179.09
30433333.000000; 2.42; 1.73; 179.08
30450000.000000; 2.42; 1.73; 179.09
30466667.000000; 2.42; 1.73; 179.08
30483333.000000; 2.42; 1.73; 179.09
30500000.000000; 2.42; 1.73; 179.08
30516667.000000; 2.42; 1.73; 179.09
30533333.000000; 2.42; 1.73; 179.09
30550000.000000; 2.42; 1.73; 179.08
30566667.000000; 2.42; 1.73; 179.08
30583333.000000; 2.42; 1.73; 179.09
30600000.000000; 2.42; 1.73; 179.08
30616667.000000; 2.42; 1.73; 179.09
30625000.000000; 2.42; 1.73; 179.08
30641667.000000; 2.42; 1.73; 179.09
30658333.000000; 2.42; 1.73; 179.08
30675000.000000; 2.42; 1.73; 179.08
30691667.000000; 2.42; 1.73; 179.08
30708333.000000; 2.42; 1.73; 179.08
30725000.000000; 2.42; 1.73; 179.08
30741667.000000; 2.42; 1.73; 179.08
30758333.000000; 2.42; 1.73; 179.07
30775000.000000; 2.42; 1.73; 179.08
30791667.000000; 2.42; 1.73; 179.08
30808333.000000; 2.42; 1.73; 179.09
30825000.000000; 2.42; 1.73; 179.09
30833333.000000; 2.42; 1.73; 179.09
30850000.000000; 2.42; 1.73; 179.07
30866667.000000; 2.42; 1.73; 179.09
30883333.000000; 2.42; 1.73; 179.08
30900000.000000; 2.42; 1.73; 179.08
30916667.000000; 2.42; 1.73; 179.08
30933333.000000; 2.42; 1.73; 179.09
30950000.000000; 2.42; 1.73; 179.09
30966667.000000; 2.42; 1.73; 179.09
30983333.000000; 2.42; 1.73; 179.09
31000000.000000; 2.42; 1.73; 179.08
31016667.000000; 2.42; 1.73; 179.08
31033333.000000; 2.42; 1.73; 179.09
31041667.000000; 2.42; 1.73; 179.08
31058333.000000; 2.42; 1.73; 179.08
31075000.000000; 2.42; 1.73; 179.09
31091667.000000; 2.42; 1.73; 179.08
31108333.000000; 2.42; 1.73; 179.08
31125000.000000; 2.42; 1.73; 179.08
31141667.000000; 2.42; 1.73; 179.08
31158333.000000; 2.42; 1.73; 179.09
31175000.000000; 2.42; 1.73; 179.08
31191667.000000; 2.42; 1.73; 179.08
31208333.000000; 2.42; 1.73; 179.09
31225000.000000; 2.42; 1.73; 179.09
31233333.000000; 2.42; 1.73; 179.08
31250000.000000; 2.42; 1.73; 179.09
31266667.000000; 2.42; 1.73; 179.10
31283333.000000; 2.42; 1.73; 179.08
31300000.000000; 2.42; 1.73; 179.09
31316667.000000; 2.42; 1.73; 179.08
31333333.000000; 2.42; 1.73; 179.09
31350000.000000; 2.42; 1.73; 179.08
31366667.000000; 2.42; 1.73; 179.08
31383333.000000; 2.42; 1.73; 179.08
31400000.000000; 2.42; 1.73; 179.09
31416667.000000; 2.42; 1.73; 179.08
31433333.000000; 2.42; 1.73; 179.08
31441667.000000; 2.42; 1.73; 179.08
31458333.000000; 2.42; 1.73; 179.08
31475000.000000; 2.42; 1.73; 179.09
31491667.000000; 2.42; 1.73; 179.09
31508333.000000; 2.42; 1.73; 179.08
31525000.000000; 2.42; 1.73; 179.08
31541667.000000; 2.42; 1.73; 179.09
31558333.000000; 2.42; 1.73; 179.08
31575000.000000; 2.42; 1.73; 179.08
31591667.000000; 2.42; 1.73; 179.09
31608333.000000; 2.42; 1.73; 179.09
31625000.000000; 2.42; 1.73; 179.09
31633333.000000; 2.42; 1.73; 179.08
31650000.000000; 2.42; 1.73; 179.08
31666667.000000; 2.42; 1.73; 179.09
31683333.000000; 2.42; 1.73; 179.09
31700000.000000; 2.42; 1.73; 179.08
31716667.000000; 2.42; 1.73; 179.08
31733333.000000; 2.42; 1.73; 179.09
31750000.000000; 2.42; 1.73; 179.09
31766667.000000; 2.42; 1.73; 179.08
31783333.000000; 2.42; 1.73; 179.07
31800000.000000; 2.42; 1.73; 179.08
31816667.000000; 2.42; 1.73; 179.09
31833333.000000; 2.42; 1.73; 179.09
31841667.000000; 2.42; 1.73; 179.09
31858333.000000; 2.42; 1.73; 179.08
31875000.000000; 2.42; 1.73; 179.09
31891667.000000; 2.42; 1.73; 179.08
31908333.000000; 2.42; 1.73; 179.08
31925000.000000; 2.42; 1.73; 179.08
31941667.000000; 2.42; 1.73; 179.09
31958333.000000; 2.42; 1.73; 179.08
31975000.000000; 2.42; 1.73; 179.09
31991667.000000; 2.42; 1.73; 179.08
32008333.000000; 2.42; 1.73; 179.08
32025000.000000; 2.42; 1.73; 179.09
32033333.000000; 2.42; 1.73; 179.09
32050000.000000; 2.42; 1.73; 179.08
32066667.000000; 2.42; 1.73; 179.08
32083333.000000; 2.42; 1.73; 179.08
32100000.000000; 2.42; 1.73; 179.09
32116667.000000; 2.42; 1.73; 179.09
32133333.000000; 2.42; 1.73; 179.10
32150000.000000; 2.42; 1.73; 179.08
32166667.000000; 2.42; 1.73; 179.08
32183333.000000; 2.42; 1.73; 179.08
32200000.000000; 2.42; 1.73; 179.09
32216667.000000; 2.42; 1.73; 179.08
32233333.000000; 2.42; 1.73; 179.08
32241667.000000; 2.42; 1.73; 179.08
32258333.000000; 2.42; 1.73; 179.08
32275000.000000; 2.42; 1.73; 179.08
32291667.000000; 2.41; 1.74; 178.99
32308333.000000; 2.41; 1.74; 178.99
32325000.000000; 2.41; 1.74; 178.99
32341667.000000; 2.41; 1.74; 179.00
32358333.000000; 2.41; 1.74; 178.99
32375000.000000; 2.41; 1.74; 178.99
32391667.000000; 2.41; 1.74; 178.99
32408333.000000; 2.41; 1.74; 179.00
32425000.000000; 2.41; 1.74; 178.99
32433333.000000; 2.42; 1.73; 179.09
32450000.000000; 2.42; 1.73; 179.09
32466667.000000; 2.42; 1.73; 179.09
32483333.000000; 2.42; 1.73; 179.09
32500000.000000; 2.42; 1.73; 179.09
32516667.000000; 2.42; 1.73; 179.08
32533333.000000; 2.42; 1.73; 179.08
32550000.000000; 2.42; 1.73; 179.08
32566667.000000; 2.42; 1.73; 179.08
32583333.000000; 2.42; 1.73; 179.10
32600000.000000; 2.42; 1.73; 179.08
32616667.000000; 2.42; 1.73; 179.09
32633333.000000; 2.42; 1.73; 179.08
32641667.000000; 2.42; 1.73; 179.08
32658333.000000; 2.42; 1.73; 179.08
32675000.000000; 2.42; 1.73; 179.07
32691667.000000; 2.42; 1.73; 179.09
32708333.000000; 2.42; 1.73; 179.08
32725000.000000; 2.42; 1.73; 179.08
32741667.000000; 2.42; 1.73; 179.09
32758333.000000; 2.42; 1.73; 179.09
32775000.000000; 2.42; 1.73; 179.08
32791667.000000; 2.42; 1.73; 179.09
32808333.000000; 2.42; 1.73; 179.09
32825000.000000; 2.42; 1.73; 179.08
32833333.000000; 2.42; 1.73; 179.08
32850000.000000; 2.42; 1.73; 179.08
32866667.000000; 2.42; 1.73; 179.09
32883333.000000; 2.42; 1.73; 179.07
32900000.000000; 2.42; 1.73; 179.09
32916667.000000; 2.42; 1.73; 179.08
32933333.000000; 2.42; 1.73; 179.09
32950000.000000; 2.42; 1.73; 179.09
32966667.000000; 2.42; 1.73; 179.09
32983333.000000; 2.42; 1.73; 179.09
33000000.000000; 2.42; 1.73; 179.09
33016667.000000; 2.42; 1.73; 179.09
33025000.000000; 2.42; 1.73; 179.09
33041667.000000; 2.42; 1.73; 179.08
33058333.000000; 2.42; 1.73; 179.09
33075000.000000; 2.42; 1.73; 179.09
33091667.000000; 2.42; 1.73; 179.09
33108333.000000; 2.42; 1.73; 179.08
33125000.000000; 2.42; 1.73; 179.09
33141667.000000; 2.42; 1.73; 179.09
33158333.000000; 2.42; 1.73; 179.09
33175000.000000; 2.42; 1.73; 179.08
33191667.000000; 2.42; 1.73; 179.08
33208333.000000; 2.42; 1.73; 179.08
33225000.000000; 2.42; 1.73; 179.08
33233333.000000; 2.42; 1.73; 179.08
33250000.000000; 2.42; 1.73; 179.08
33266667.000000; 2.42; 1.73; 179.09
33283333.000000; 2.42; 1.73; 179.08
33300000.000000; 2.42; 1.73; 179.08
33316667.000000; 2.42; 1.73; 179.09
33333333.000000; 2.42; 1.73; 179.09
33350000.000000; 2.42; 1.73; 179.08
33366667.000000; 2.42; 1.73; 179.08
33383333.000000; 2.42; 1.73; 179.09
33400000.000000; 2.42; 1.73; 179.09
33416667.000000; 2.42; 1.73; 179.09
33433333.000000; 2.42; 1.73; 179.09
33441667.000000; 2.42; 1.73; 179.09
33458333.000000; 2.42; 1.73; 179.08
33475000.000000; 2.42; 1.73; 179.09
33491667.000000; 2.42; 1.73; 179.08
33508333.000000; 2.42; 1.73; 179.09
33525000.000000; 2.42; 1.73; 179.08
33541667.000000; 2.42; 1.73; 179.08
33558333.000000; 2.42; 1.73; 179.08
33575000.000000; 2.42; 1.73; 179.08
33591667.000000; 2.42; 1.73; 179.08
33608333.000000; 2.42; 1.73; 179.09
33625000.000000; 2.42; 1.73; 179.09
33633333.000000; 2.42; 1.73; 179.10
33650000.000000; 2.42; 1.73; 179.09
33666667.000000; 2.42; 1.73; 179.09
33683333.000000; 2.42; 1.73; 179.08
33700000.000000; 2.42; 1.73; 179.08
33716667.000000; 2.42; 1.73; 179.08
33733333.000000; 2.42; 1.73; 179.08
33750000.000000; 2.42; 1.73; 179.08
33766667.000000; 2.42; 1.73; 179.09
33783333.000000; 2.42; 1.73; 179.08
33800000.000000; 2.42; 1.73; 179.09
33816667.000000; 2.42; 1.73; 179.08
33833333.000000; 2.42; 1.73; 179.09
33841667.000000; 2.42; 1.73; 179.08
33858333.000000; 2.42; 1.73; 179.08
33875000.000000; 2.42; 1.73; 179.09
33891667.000000; 2.42; 1.73; 179.09
33908333.000000; 2.42; 1.73; 179.09
33925000.000000; 2.42; 1.73; 179.08
33941667.000000; 2.42; 1.73; 179.08
33958333.000000; 2.42; 1.73; 179.09
33975000.000000; 2.42; 1.73; 179.08
33991667.000000; 2.42; 1.73; 179.09
34008333.000000; 2.42; 1.73; 179.09
34025000.000000; 2.42; 1.73; 179.09
34033333.000000; 2.42; 1.73; 179.09
34050000.000000; 2.42; 1.73; 178.89
34066667.000000; 2.42; 1.73; 178.49
34083333.000000; 2.42; 1.73; 177.85
34100000.000000; 2.42; 1.73; 176.86
34116667.000000; 2.42; 1.73; 175.55
34133333.000000; 2.42; 1.73; 173.87
34150000.000000; 2.42; 1.73; 171.78
34166667.000000; 2.42; 1.73; 169.39
34183333.000000; 2.42; 1.73; 166.70
34200000.000000; 2.42; 1.73; 163.67
34216667.000000; 2.42; 1.73; 160.52
34233333.000000; 2.42; 1.73; 157.09
34241667.000000; 2.42; 1.73; 155.36
34258333.000000; 2.42; 1.73; 151.78
34275000.000000; 2.42; 1.73; 147.95
34291667.000000; 2.42; 1.73; 144.14
34308333.000000; 2.42; 1.73; 140.22
34325000.000000; 2.42; 1.73; 136.23
34341667.000000; 2.42; 1.73; 132.18
34358333.000000; 2.42; 1.73; 128.14
34375000.000000; 2.43; 1.73; 124.09
34391667.000000; 2.43; 1.73; 120.01
34408333.000000; 2.43; 1.73; 115.94
34425000.000000; 2.43; 1.73; 111.82
34433333.000000; 2.43; 1.73; 109.78
34450000.000000; 2.43; 1.73; 105.68
34466667.000000; 2.43; 1.72; 101.69
34483333.000000; 2.43; 1.72; 97.77
34500000.000000; 2.43; 1.72; 94.01
34516667.000000; 2.43; 1.72; 90.44
34533333.000000; 2.43; 1.72; 86.97
34550000.000000; 2.43; 1.72; 83.76
34566667.000000; 2.43; 1.72; 80.52
34583333.000000; 2.43; 1.72; 77.59
34600000.000000; 2.43; 1.72; 74.76
34616667.000000; 2.43; 1.72; 72.05
34633333.000000; 2.43; 1.72; 69.47
34641667.000000; 2.43; 1.72; 68.16
34658333.000000; 2.43; 1.72; 65.66
34675000.000000; 2.43; 1.72; 63.16
34691667.000000; 2.43; 1.72; 60.64
34708333.000000; 2.43; 1.72; 58.17
34725000.000000; 2.43; 1.72; 55.65
34741667.000000; 2.43; 1.72; 53.16
34758333.000000; 2.43; 1.72; 50.79
34775000.000000; 2.43; 1.72; 48.38
34791667.000000; 2.43; 1.72; 45.98
34808333.000000; 2.43; 1.72; 43.49
34825000.000000; 2.43; 1.72; 40.97
34833333.000000; 2.43; 1.72; 39.67
34850000.000000; 2.43; 1.72; 37.10
34866667.000000; 2.43; 1.72; 34.51
34883333.000000; 2.44; 1.72; 31.78
34900000.000000; 2.44; 1.72; 29.23
34916667.000000; 2.44; 1.72; 26.49
34933333.000000; 2.44; 1.72; 23.77
34950000.000000; 2.44; 1.72; 20.97
34966667.000000; 2.44; 1.72; 18.24
34983333.000000; 2.44; 1.72; 15.44
35000000.000000; 2.44; 1.72; 12.54
35016667.000000; 2.44; 1.72; 9.85
35033333.000000; 2.44; 1.72; 6.98
35041667.000000; 2.44; 1.72; 5.45
35058333.000000; 2.44; 1.72; 2.92
35075000.000000; 2.43; 1.72; 0.41
35091667.000000; 2.43; 1.72; -1.68
35108333.000000; 2.43; 1.72; -3.59
35125000.000000; 2.43; 1.72; -5.13
35141667.000000; 2.43; 1.72; -6.38
35158333.000000; 2.43; 1.72; -7.31
35175000.000000; 2.43; 1.72; -7.98
35191667.000000; 2.43; 1.72; -8.43
35208333.000000; 2.43; 1.72; -8.60
35225000.000000; 2.43; 1.72; -8.66
35233333.000000; 2.43; 1.72; -8.63
35250000.000000; 2.43; 1.72; -8.55
35266667.000000; 2.43; 1.72; -8.53
35283333.000000; 2.44; 1.72; -8.43
35300000.000000; 2.43; 1.72; -8.45
35316667.000000; 2.44; 1.72; -8.41
35333333.000000; 2.44; 1.72; -8.42
35350000.000000; 2.43; 1.72; -8.44
35366667.000000; 2.43; 1.72; -8.58
35383333.000000; 2.43; 1.72; -8.75
35400000.000000; 2.43; 1.72; -9.01
35416667.000000; 2.43; 1.72; -9.33
35425000.000000; 2.43; 1.72; -9.50
35441667.000000; 2.43; 1.72; -10.00
35458333.000000; 2.43; 1.72; -10.55
35475000.000000; 2.43; 1.72; -11.21
35491667.000000; 2.43; 1.72; -11.96
35508333.000000; 2.43; 1.72; -12.86
35525000.000000; 2.43; 1.72; -13.85
35541667.000000; 2.43; 1.72; -14.88
35558333.000000; 2.43; 1.72; -16.00
35575000.000000; 2.43; 1.72; -17.23
35591667.000000; 2.43; 1.72; -18.45
35608333.000000; 2.43; 1.72; -19.80
35625000.000000; 2.43; 1.72; -21.17
35633333.000000; 2.43; 1.72; -21.87
35650000.000000; 2.43; 1.72; -23.22
35666667.000000; 2.43; 1.72; -24.69
35683333.000000; 2.43; 1.72; -26.09
35700000.000000; 2.43; 1.72; -27.54
35716667.000000; 2.43; 1.72; -28.96
35733333.000000; 2.43; 1.72; -30.35
35750000.000000; 2.43; 1.72; -31.70
35766667.000000; 2.43; 1.72; -33.04
35783333.000000; 2.43; 1.72; -34.36
35800000.000000; 2.43; 1.72; -35.66
35816667.000000; 2.43; 1.72; -36.86
35833333.000000; 2.43; 1.72; -38.05
35841667.000000; 2.43; 1.72; -38.58
35858333.000000; 2.43; 1.72; -39.78
35875000.000000; 2.43; 1.72; -40.75
35891667.000000; 2.43; 1.72; -41.66
35908333.000000; 2.43; 1.72; -42.54
35925000.000000; 2.43; 1.72; -43.39
35941667.000000; 2.43; 1.72; -44.19
35958333.000000; 2.43; 1.72; -44.97
35975000.000000; 2.43; 1.72; -45.61
35991667.000000; 2.43; 1.72; -46.21
36008333.000000; 2.43; 1.72; -46.73
36025000.000000; 2.43; 1.72; -47.23
36033333.000000; 2.43; 1.72; -47.38
36050000.000000; 2.43; 1.72; -47.54
36066667.000000; 2.43; 1.72; -47.58
36083333.000000; 2.43; 1.72; -47.42
36100000.000000; 2.43; 1.72; -47.25
36116667.000000; 2.43; 1.72; -46.99
36133333.000000; 2.43; 1.72; -46.72
36150000.000000; 2.43; 1.72; -46.32
36166667.000000; 2.43; 1.72; -45.90
36183333.000000; 2.43; 1.72; -45.35
36200000.000000; 2.43; 1.72; -44.72
36216667.000000; 2.43; 1.72; -44.07
36233333.000000; 2.43; 1.72; -43.35
36250000.000000; 2.43; 1.72; -42.58
36258333.000000; 2.43; 1.72; -42.19
36275000.000000; 2.43; 1.72; -41.39
36291667.000000; 2.43; 1.72; -40.56
36308333.000000; 2.43; 1.72; -39.74
36325000.000000; 2.43; 1.72; -38.93
36341667.000000; 2.43; 1.72; -38.12
36358333.000000; 2.43; 1.72; -37.32
36375000.000000; 2.43; 1.72; -36.57
36391667.000000; 2.43; 1.72; -35.83
36408333.000000; 2.43; 1.72; -35.13
36425000.000000; 2.43; 1.72; -34.44
36433333.000000; 2.43; 1.72; -34.12
36450000.000000; 2.43; 1.72; -33.49
36466667.000000; 2.43; 1.72; -32.88
36483333.000000; 2.43; 1.72; -32.27
36500000.000000; 2.43; 1.72; -31.76
36516667.000000; 2.43; 1.72; -31.33
36533333.000000; 2.43; 1.72; -30.91
36550000.000000; 2.43; 1.72; -30.54
36566667.000000; 2.43; 1.72; -30.19
36583333.000000; 2.43; 1.72; -29.85
36600000.000000; 2.43; 1.72; -29.55
36616667.000000; 2.43; 1.72; -29.28
36633333.000000; 2.43; 1.72; -29.00
36650000.000000; 2.43; 1.72; -28.74
36658333.000000; 2.43; 1.72; -28.62
36675000.000000; 2.43; 1.72; -28.38
36691667.000000; 2.43; 1.72; -28.20
36708333.000000; 2.43; 1.72; -28.05
36725000.000000; 2.43; 1.72; -27.87
36741667.000000; 2.43; 1.72; -27.65
36758333.000000; 2.43; 1.72; -27.50
36775000.000000; 2.43; 1.72; -27.33
36791667.000000; 2.43; 1.73; -27.13
36808333.000000; 2.43; 1.73; -26.92
36825000.000000; 2.43; 1.73; -26.65
36833333.000000; 2.43; 1.73; -26.53
36850000.000000; 2.43; 1.73; -26.26
36866667.000000; 2.43; 1.73; -25.94
36883333.000000; 2.43; 1.73; -25.62
36900000.000000; 2.43; 1.73; -25.28
36916667.000000; 2.43; 1.73; -24.97
36933333.000000; 2.43; 1.73; -24.63
36950000.000000; 2.43; 1.73; -24.30
36966667.000000; 2.43; 1.73; -23.98
36983333.000000; 2.42; 1.73; -23.62
37000000.000000; 2.42; 1.73; -23.24
37016667.000000; 2.42; 1.73; -22.87
37025000.000000; 2.42; 1.73; -22.68
37041667.000000; 2.42; 1.73; -22.26
37058333.000000; 2.42; 1.73; -21.85
37075000.000000; 2.42; 1.73; -21.43
37091667.000000; 2.42; 1.73; -21.02
37108333.000000; 2.42; 1.73; -20.60
37125000.000000; 2.42; 1.73; -20.16
37141667.000000; 2.42; 1.73; -19.70
37158333.000000; 2.42; 1.73; -19.24
37175000.000000; 2.42; 1.73; -18.72
37191667.000000; 2.42; 1.73; -18.19
37208333.000000; 2.42; 1.73; -17.65
37225000.000000; 2.42; 1.73; -17.06
37233333.000000; 2.42; 1.73; -16.75
37250000.000000; 2.42; 1.73; -16.14
37266667.000000; 2.42; 1.73; -15.53
37283333.000000; 2.42; 1.73; -14.93
37300000.000000; 2.42; 1.73; -14.36
37316667.000000; 2.42; 1.73; -13.77
37333333.000000; 2.42; 1.73; -13.18
37350000.000000; 2.42; 1.73; -12.63
37366667.000000; 2.42; 1.73; -12.02
37383333.000000; 2.42; 1.73; -11.42
37400000.000000; 2.42; 1.73; -10.82
37416667.000000; 2.42; 1.73; -10.23
37433333.000000; 2.42; 1.73; -9.64
37441667.000000; 2.42; 1.73; -9.34
37458333.000000; 2.42; 1.73; -8.76
37475000.000000; 2.42; 1.73; -8.20
37491667.000000; 2.42; 1.73; -7.66
37508333.000000; 2.42; 1.73; -7.16
37525000.000000; 2.42; 1.73; -6.67
37541667.000000; 2.42; 1.73; -6.16
37558333.000000; 2.42; 1.73; -5.70
37575000.000000; 2.42; 1.73; -5.26
37591667.000000; 2.42; 1.73; -4.78
37608333.000000; 2.42; 1.73; -4.33
37625000.000000; 2.42; 1.73; -3.90
37633333.000000; 2.42; 1.73; -3.69
37650000.000000; 2.42; 1.73; -3.26
37666667.000000; 2.42; 1.73; -2.82
37683333.000000; 2.42; 1.73; -2.39
37700000.000000; 2.42; 1.73; -2.04
37716667.000000; 2.42; 1.73; -1.66
37733333.000000; 2.42; 1.73; -1.32
37750000.000000; 2.42; 1.73; -0.96
37766667.000000; 2.42; 1.73; -0.62
37783333.000000; 2.42; 1.73; -0.28
37800000.000000; 2.42; 1.73; 0.12
37816667.000000; 2.42; 1.73; 0.49
37833333.000000; 2.42; 1.73; 0.95
37841667.000000; 2.42; 1.73; 1.17
37858333.000000; 2.42; 1.73; 1.63
37875000.000000; 2.42; 1.73; 2.10
37891667.000000; 2.42; 1.73; 2.60
37908333.000000; 2.42; 1.73; 3.15
37925000.000000; 2.42; 1.73; 3.70
37941667.000000; 2.42; 1.73; 4.32
37958333.000000; 2.42; 1.73; 4.91
37975000.000000; 2.42; 1.73; 5.62
37991667.000000; 2.42; 1.73; 6.28
38008333.000000; 2.42; 1.73; 6.95
38025000.000000; 2.41; 1.73; 7.68
38033333.000000; 2.41; 1.73; 8.02
38050000.000000; 2.41; 1.73; 8.75
38066667.000000; 2.41; 1.73; 9.28
38083333.000000; 2.41; 1.73; 10.07
38100000.000000; 2.41; 1.73; 10.90
38116667.000000; 2.41; 1.73; 11.76
38133333.000000; 2.42; 1.73; 12.56
38150000.000000; 2.42; 1.73; 13.47
38166667.000000; 2.42; 1.73; 14.32
38183333.000000; 2.42; 1.73; 15.11
38200000.000000; 2.43; 1.73; 16.06
38216667.000000; 2.43; 1.73; 16.82
38225000.000000; 2.44; 1.73; 17.43
38241667.000000; 2.44; 1.74; 18.26
38258333.000000; 2.45; 1.74; 19.15
38275000.000000; 2.46; 1.74; 20.22
38291667.000000; 2.47; 1.75; 20.89
38308333.000000; 2.48; 1.75; 21.82
38325000.000000; 2.49; 1.75; 22.35
38341667.000000; 2.50; 1.76; 22.87
38358333.000000; 2.51; 1.76; 23.36
38375000.000000; 2.52; 1.77; 23.63
38391667.000000; 2.54; 1.77; 24.22
38408333.000000; 2.55; 1.78; 24.46
38425000.000000; 2.56; 1.78; 24.66
38433333.000000; 2.57; 1.79; 24.77
38450000.000000; 2.58; 1.79; 24.80
38466667.000000; 2.59; 1.80; 24.68
38483333.000000; 2.61; 1.80; 24.77
38500000.000000; 2.62; 1.81; 24.97
38516667.000000; 2.64; 1.82; 24.69
38533333.000000; 2.65; 1.83; 24.53
38550000.000000; 2.66; 1.83; 24.51
38566667.000000; 2.68; 1.84; 24.53
38583333.000000; 2.69; 1.85; 24.46
38600000.000000; 2.71; 1.86; 24.32
38633333.000000; 2.73; 1.85; 24.40
38641667.000000; 2.74; 1.87; 24.21
38658333.000000; 2.75; 1.88; 24.12
38675000.000000; 2.76; 1.88; 23.97
38691667.000000; 2.78; 1.89; 24.08
38708333.000000; 2.79; 1.90; 24.16
38725000.000000; 2.81; 1.91; 24.24
38741667.000000; 2.82; 1.91; 24.88
38758333.000000; 2.84; 1.92; 25.49
38775000.000000; 2.85; 1.92; 25.17
38791667.000000; 2.87; 1.92; 25.29
38808333.000000; 2.88; 1.93; 24.91
38850000.000000; 2.91; 1.93; 23.83
38866667.000000; 2.91; 1.93; 23.60
38883333.000000; 2.92; 1.93; 23.82
38900000.000000; 2.92; 1.92; 24.42
38916667.000000; 2.92; 1.92; 25.38
38933333.000000; 2.92; 1.92; 25.65
38950000.000000; 2.92; 1.92; 27.41
38958333.000000; 2.92; 1.91; 28.62
38975000.000000; 2.92; 1.91; 29.98
39000000.000000; 2.90; 1.90; 30.90
39008333.000000; 2.90; 1.91; 32.63
39025000.000000; 2.89; 1.89; 33.08
39041667.000000; 2.88; 1.88; 32.41
39058333.000000; 2.76; 2.06; 35.96
39075000.000000; 2.75; 2.06; 35.52
39091667.000000; 2.74; 2.06; 35.02
39108333.000000; 2.73; 2.06; 34.44
39125000.000000; 2.72; 2.05; 34.10
39141667.000000; 2.71; 2.05; 32.53
39158333.000000; 2.70; 2.05; 31.58
39175000.000000; 2.71; 2.05; 28.15
39633333.000000; 2.33; 1.57; -0.95
39650000.000000; 2.32; 1.57; -4.57
39666667.000000; 2.31; 1.56; -6.88
39683333.000000; 2.30; 1.56; -9.70
39700000.000000; 2.30; 1.56; -12.40
39716667.000000; 2.29; 1.56; -15.11
39733333.000000; 2.28; 1.56; -17.53
39750000.000000; 2.28; 1.57; -19.75
39766667.000000; 2.27; 1.57; -21.70
39783333.000000; 2.27; 1.57; -23.65
39800000.000000; 2.27; 1.57; -24.91
39816667.000000; 2.27; 1.57; -26.44
39833333.000000; 2.27; 1.58; -28.63
39841667.000000; 2.27; 1.58; -29.31
39858333.000000; 2.26; 1.58; -30.25
39875000.000000; 2.27; 1.58; -32.14
39891667.000000; 2.27; 1.58; -33.42
39908333.000000; 2.27; 1.58; -34.64
39925000.000000; 2.27; 1.58; -35.82
39941667.000000; 2.27; 1.58; -36.52
39958333.000000; 2.27; 1.59; -37.30
39975000.000000; 2.26; 1.59; -38.07
39991667.000000; 2.26; 1.59; -38.63
40008333.000000; 2.26; 1.59; -39.36
40025000.000000; 2.26; 1.60; -39.87
40033333.000000; 2.26; 1.60; -40.26
40050000.000000; 2.26; 1.60; -41.10
40066667.000000; 2.26; 1.60; -41.46
40083333.000000; 2.26; 1.60; -41.89
40100000.000000; 2.26; 1.60; -42.19
40116667.000000; 2.26; 1.60; -42.45
40133333.000000; 2.26; 1.60; -42.64
40150000.000000; 2.26; 1.60; -42.89
40166667.000000; 2.25; 1.60; -43.06
40183333.000000; 2.25; 1.60; -43.12
40200000.000000; 2.25; 1.60; -43.04
40216667.000000; 2.25; 1.60; -43.02
40233333.000000; 2.25; 1.60; -42.60
40241667.000000; 2.25; 1.60; -42.51
40258333.000000; 2.25; 1.60; -42.37
40275000.000000; 2.24; 1.60; -42.21
40291667.000000; 2.24; 1.60; -42.28
40308333.000000; 2.24; 1.60; -42.34
40325000.000000; 2.24; 1.60; -42.31
40341667.000000; 2.24; 1.60; -42.39
40358333.000000; 2.24; 1.60; -42.47
40375000.000000; 2.25; 1.60; -42.62
40391667.000000; 2.25; 1.60; -42.78
40408333.000000; 2.25; 1.60; -42.96
40425000.000000; 2.25; 1.60; -43.16
40433333.000000; 2.25; 1.60; -43.26
40450000.000000; 2.25; 1.60; -43.67
40466667.000000; 2.25; 1.60; -43.94
40483333.000000; 2.25; 1.59; -44.27
40500000.000000; 2.25; 1.59; -44.61
40516667.000000; 2.26; 1.59; -44.96
40533333.000000; 2.26; 1.59; -45.36
40550000.000000; 2.26; 1.59; -45.73
40566667.000000; 2.26; 1.59; -46.05
40583333.000000; 2.26; 1.58; -46.33
40600000.000000; 2.27; 1.58; -46.58
40616667.000000; 2.27; 1.58; -46.80
40625000.000000; 2.27; 1.58; -47.04
40641667.000000; 2.27; 1.58; -47.28
40658333.000000; 2.27; 1.58; -47.53
40675000.000000; 2.27; 1.57; -47.69
40691667.000000; 2.27; 1.57; -47.89
40708333.000000; 2.28; 1.57; -48.02
40725000.000000; 2.27; 1.58; -47.05
40741667.000000; 2.28; 1.58; -47.17
40758333.000000; 2.28; 1.57; -47.25
40775000.000000; 2.28; 1.57; -48.73
40791667.000000; 2.28; 1.57; -49.47
40808333.000000; 2.28; 1.57; -49.15
40825000.000000; 2.28; 1.57; -49.36
40850000.000000; 2.29; 1.57; -49.27
40925000.000000; 2.28; 1.57; -51.51
40941667.000000; 2.29; 1.59; -50.59
40966667.000000; 2.29; 1.58; -50.99
40975000.000000; 2.30; 1.59; -50.82
40991667.000000; 2.29; 1.57; -51.23
41008333.000000; 2.29; 1.57; -51.26
41025000.000000; 2.30; 1.57; -51.28
41041667.000000; 2.30; 1.58; -51.15
41058333.000000; 2.30; 1.57; -51.51
41075000.000000; 2.30; 1.58; -51.05
41108333.000000; 2.31; 1.58; -51.40
41125000.000000; 2.30; 1.58; -51.00
41141667.000000; 2.31; 1.58; -51.09
41158333.000000; 2.31; 1.58; -51.18
41175000.000000; 2.31; 1.58; -51.16
41191667.000000; 2.31; 1.58; -51.27
41208333.000000; 2.31; 1.58; -51.11
41225000.000000; 2.31; 1.58; -50.87
41233333.000000; 2.31; 1.58; -50.77
41250000.000000; 2.31; 1.58; -50.44
41266667.000000; 2.31; 1.58; -50.53
41283333.000000; 2.31; 1.58; -50.92
41300000.000000; 2.31; 1.58; -51.39
41316667.000000; 2.31; 1.58; -51.89
41333333.000000; 2.30; 1.58; -52.03
41350000.000000; 2.31; 1.58; -53.19
41366667.000000; 2.31; 1.58; -53.62
41383333.000000; 2.31; 1.58; -53.85
41400000.000000; 2.31; 1.58; -54.09
41416667.000000; 2.32; 1.59; -53.94
41425000.000000; 2.31; 1.59; -54.86
41441667.000000; 2.31; 1.59; -55.22
41458333.000000; 2.31; 1.59; -55.62
41475000.000000; 2.31; 1.59; -55.76
41491667.000000; 2.31; 1.60; -56.57
41508333.000000; 2.31; 1.60; -57.09
41525000.000000; 2.31; 1.60; -57.74
41541667.000000; 2.31; 1.61; -58.02
41558333.000000; 2.30; 1.61; -58.34
41575000.000000; 2.30; 1.62; -58.74
41591667.000000; 2.31; 1.62; -58.78
41608333.000000; 2.31; 1.62; -58.48
41616667.000000; 2.31; 1.62; -58.31
41633333.000000; 2.31; 1.63; -57.85
41650000.000000; 2.32; 1.63; -57.38
41666667.000000; 2.32; 1.63; -56.66
41683333.000000; 2.33; 1.63; -56.36
41700000.000000; 2.33; 1.64; -55.75
55091667.000000; 2.34; 1.71; 147.65
55116667.000000; 2.34; 1.71; 147.46
55133333.000000; 2.34; 1.71; 147.27
55150000.000000; 2.34; 1.71; 147.13
55166667.000000; 2.34; 1.71; 147.00
55183333.000000; 2.34; 1.71; 146.85
55200000.000000; 2.34; 1.71; 146.82
55208333.000000; 2.34; 1.71; 146.84
55225000.000000; 2.34; 1.71; 146.84
55241667.000000; 2.34; 1.73; 147.61
55258333.000000; 2.34; 1.71; 147.08
55266667.000000; 2.34; 1.73; 147.80
55291667.000000; 2.34; 1.71; 147.19
55308333.000000; 2.34; 1.71; 147.21
55325000.000000; 2.34; 1.71; 147.20
55333333.000000; 2.34; 1.73; 147.94
55350000.000000; 2.35; 1.71; 147.24
55375000.000000; 2.35; 1.71; 147.22
55391667.000000; 2.35; 1.71; 147.16
55408333.000000; 2.35; 1.71; 147.10
55416667.000000; 2.35; 1.71; 147.10
55433333.000000; 2.34; 1.71; 146.92
55450000.000000; 2.34; 1.71; 146.62
55466667.000000; 2.34; 1.71; 146.21
55483333.000000; 2.34; 1.71; 145.72
55500000.000000; 2.34; 1.73; 145.67
55508333.000000; 2.34; 1.73; 145.31
55533333.000000; 2.33; 1.72; 143.65
55550000.000000; 2.33; 1.72; 142.81
55566667.000000; 2.33; 1.73; 141.87
55583333.000000; 2.32; 1.73; 140.76
55600000.000000; 2.32; 1.74; 139.50
55608333.000000; 2.31; 1.74; 138.80
55625000.000000; 2.31; 1.74; 137.17
55783333.000000; 2.28; 1.80; 125.37
56058333.000000; 2.27; 1.83; 123.85
56075000.000000; 2.27; 1.83; 123.68
56091667.000000; 2.27; 1.83; 123.46
56108333.000000; 2.27; 1.83; 123.22
56125000.000000; 2.27; 1.83; 123.09
56141667.000000; 2.27; 1.83; 123.16
56158333.000000; 2.27; 1.83; 123.24
56166667.000000; 2.27; 1.83; 123.28
56183333.000000; 2.27; 1.83; 123.28
56200000.000000; 2.27; 1.83; 123.37
56216667.000000; 2.27; 1.82; 123.38
56233333.000000; 2.27; 1.82; 123.57
56250000.000000; 2.27; 1.82; 123.71
56266667.000000; 2.27; 1.82; 123.94
56283333.000000; 2.27; 1.82; 124.15
56300000.000000; 2.27; 1.81; 124.22
56308333.000000; 2.27; 1.81; 124.41
56333333.000000; 2.27; 1.81; 124.91
56350000.000000; 2.27; 1.81; 125.18
56366667.000000; 2.27; 1.81; 125.46
56383333.000000; 2.27; 1.81; 125.82
56400000.000000; 2.27; 1.81; 126.15
56408333.000000; 2.27; 1.81; 126.32
56425000.000000; 2.27; 1.80; 126.59
56441667.000000; 2.27; 1.81; 127.13
56458333.000000; 2.27; 1.81; 127.54
56475000.000000; 2.27; 1.81; 127.98
56491667.000000; 2.27; 1.81; 129.20
56508333.000000; 2.27; 1.81; 129.61
56525000.000000; 2.27; 1.80; 129.99
56541667.000000; 2.27; 1.80; 130.41
56550000.000000; 2.27; 1.79; 129.72
56566667.000000; 2.28; 1.80; 130.23
56583333.000000; 2.27; 1.78; 131.16
56600000.000000; 2.27; 1.78; 131.62
56616667.000000; 2.27; 1.78; 131.69
56633333.000000; 2.27; 1.79; 132.81
56650000.000000; 2.28; 1.78; 132.58
56666667.000000; 2.27; 1.78; 133.25
56683333.000000; 2.27; 1.78; 133.58
56700000.000000; 2.28; 1.78; 133.53
56716667.000000; 2.27; 1.78; 134.12
56733333.000000; 2.27; 1.78; 134.37
56750000.000000; 2.28; 1.78; 134.24
56766667.000000; 2.28; 1.79; 135.27
56783333.000000; 2.28; 1.79; 135.49
56800000.000000; 2.28; 1.78; 134.94
56808333.000000; 2.28; 1.78; 135.03
56825000.000000; 2.28; 1.78; 135.17
56841667.000000; 2.28; 1.78; 135.32
56858333.000000; 2.28; 1.77; 135.30
56875000.000000; 2.28; 1.78; 135.63
56891667.000000; 2.28; 1.78; 136.59
56908333.000000; 2.28; 1.78; 135.91
56925000.000000; 2.28; 1.78; 136.07
57066667.000000; 2.28; 1.77; 136.64
57083333.000000; 2.28; 1.77; 136.63
57100000.000000; 2.29; 1.77; 136.67
57116667.000000; 2.29; 1.77; 136.69
57308333.000000; 2.28; 1.77; 136.51
57325000.000000; 2.29; 1.77; 136.07
57341667.000000; 2.29; 1.77; 135.94
57358333.000000; 2.29; 1.77; 135.82
58316667.000000; 2.30; 1.74; 149.49
58333333.000000; 2.30; 1.74; 150.10
58350000.000000; 2.30; 1.74; 150.70
58366667.000000; 2.30; 1.74; 151.19
58383333.000000; 2.30; 1.74; 151.55
58400000.000000; 2.30; 1.74; 151.95
58408333.000000; 2.30; 1.74; 152.58
58425000.000000; 2.29; 1.74; 152.92
58441667.000000; 2.29; 1.74; 153.18
58458333.000000; 2.29; 1.74; 153.63
58475000.000000; 2.29; 1.74; 153.84
58491667.000000; 2.29; 1.75; 154.56
58508333.000000; 2.29; 1.74; 154.17
58525000.000000; 2.29; 1.74; 154.09
58541667.000000; 2.29; 1.74; 153.92
58550000.000000; 2.29; 1.74; 154.59
58566667.000000; 2.29; 1.74; 154.89
58583333.000000; 2.29; 1.74; 155.08
58600000.000000; 2.29; 1.74; 155.06
58616667.000000; 2.29; 1.74; 155.02
58633333.000000; 2.29; 1.74; 155.43
58650000.000000; 2.29; 1.74; 155.64
58666667.000000; 2.29; 1.74; 155.63
58683333.000000; 2.29; 1.73; 155.84
58700000.000000; 2.29; 1.74; 156.08
58716667.000000; 2.29; 1.74; 156.49
58733333.000000; 2.29; 1.74; 156.65
58750000.000000; 2.29; 1.73; 156.61
58758333.000000; 2.29; 1.74; 156.85
58783333.000000; 2.29; 1.74; 157.08
58800000.000000; 2.29; 1.73; 156.98
58808333.000000; 2.30; 1.73; 156.95
58825000.000000; 2.30; 1.73; 157.27
58841667.000000; 2.30; 1.73; 157.32
58858333.000000; 2.30; 1.73; 157.39
58875000.000000; 2.30; 1.73; 157.47
58891667.000000; 2.30; 1.73; 157.59
58908333.000000; 2.30; 1.73; 157.68
58925000.000000; 2.30; 1.73; 157.83
58933333.000000; 2.30; 1.73; 157.85
58950000.000000; 2.30; 1.73; 158.07
58966667.000000; 2.30; 1.73; 158.28
58991667.000000; 2.30; 1.73; 158.85
59000000.000000; 2.30; 1.73; 158.94
59016667.000000; 2.30; 1.73; 159.15
59033333.000000; 2.30; 1.73; 159.32
59050000.000000; 2.30; 1.73; 159.52
59066667.000000; 2.30; 1.73; 159.75
59083333.000000; 2.30; 1.73; 160.02
59100000.000000; 2.30; 1.73; 160.24
59116667.000000; 2.30; 1.73; 160.40
59133333.000000; 2.30; 1.73; 161.06
59150000.000000; 2.30; 1.73; 161.16
59166667.000000; 2.30; 1.73; 160.92
59175000.000000; 2.30; 1.73; 160.98
59191667.000000; 2.30; 1.73; 161.10
59208333.000000; 2.30; 1.73; 161.24
59225000.000000; 2.30; 1.73; 161.28
59241667.000000; 2.30; 1.73; 161.36
59258333.000000; 2.30; 1.73; 161.40
59275000.000000; 2.30; 1.73; 161.47
59291667.000000; 2.30; 1.73; 161.55
59308333.000000; 2.30; 1.72; 161.70
59316667.000000; 2.30; 1.73; 161.69
59341667.000000; 2.30; 1.73; 161.76
59358333.000000; 2.30; 1.73; 161.83
59375000.000000; 2.30; 1.73; 161.84
59391667.000000; 2.30; 1.73; 162.25
59408333.000000; 2.30; 1.73; 162.02
59416667.000000; 2.30; 1.73; 162.01
59433333.000000; 2.31; 1.73; 161.89
59450000.000000; 2.30; 1.73; 162.36
59466667.000000; 2.31; 1.73; 161.91
59483333.000000; 2.31; 1.73; 161.80
59500000.000000; 2.31; 1.73; 161.76
59516667.000000; 2.31; 1.73; 161.66
59533333.000000; 2.31; 1.74; 161.64
59550000.000000; 2.31; 1.74; 161.51
59558333.000000; 2.31; 1.73; 161.43
59575000.000000; 2.31; 1.74; 161.42
59591667.000000; 2.31; 1.74; 161.39
59608333.000000; 2.31; 1.74; 161.36
59625000.000000; 2.31; 1.74; 161.29
59641667.000000; 2.31; 1.74; 161.24
59658333.000000; 2.31; 1.74; 161.16
59675000.000000; 2.31; 1.74; 161.05
59683333.000000; 2.31; 1.74; 160.90
59708333.000000; 2.31; 1.74; 160.79
59725000.000000; 2.31; 1.74; 160.71
59741667.000000; 2.31; 1.74; 160.66
59758333.000000; 2.31; 1.74; 160.59
59775000.000000; 2.31; 1.74; 160.60
59791667.000000; 2.31; 1.74; 160.54
59800000.000000; 2.31; 1.74; 160.53
59816667.000000; 2.32; 1.74; 160.45
59833333.000000; 2.32; 1.74; 160.73
59850000.000000; 2.32; 1.74; 160.29
59866667.000000; 2.32; 1.74; 160.24
59883333.000000; 2.32; 1.74; 160.55
59900000.000000; 2.32; 1.74; 160.17
59916667.000000; 2.32; 1.74; 160.21
59925000.000000; 2.32; 1.74; 160.24
59941667.000000; 2.32; 1.74; 160.35
59958333.000000; 2.32; 1.74; 160.45
59983333.000000; 2.32; 1.74; 160.64
59991667.000000; 2.32; 1.74; 160.69
60008333.000000; 2.32; 1.74; 160.81
60025000.000000; 2.32; 1.74; 160.97
60041667.000000; 2.32; 1.74; 161.11
60058333.000000; 2.33; 1.74; 161.07
60066667.000000; 2.33; 1.74; 161.66
60083333.000000; 2.33; 1.74; 161.10
60100000.000000; 2.33; 1.74; 161.80
60125000.000000; 2.33; 1.72; 160.33
60133333.000000; 2.33; 1.72; 160.33
60158333.000000; 2.33; 1.73; 160.35
60175000.000000; 2.34; 1.73; 160.37
60191667.000000; 2.34; 1.73; 160.30
60208333.000000; 2.34; 1.73; 160.27
60216667.000000; 2.34; 1.73; 160.16
60233333.000000; 2.34; 1.72; 159.65
60250000.000000; 2.34; 1.72; 159.54
60258333.000000; 2.34; 1.73; 159.91
60275000.000000; 2.34; 1.73; 159.89
60291667.000000; 2.34; 1.73; 160.21
60300000.000000; 2.35; 1.72; 159.60
60325000.000000; 2.34; 1.73; 160.11
60350000.000000; 2.34; 1.73; 160.68
60366667.000000; 2.34; 1.73; 161.16
60383333.000000; 2.34; 1.73; 161.31
60400000.000000; 2.34; 1.73; 161.17
60408333.000000; 2.34; 1.73; 161.99
60425000.000000; 2.34; 1.73; 164.01
60441667.000000; 2.34; 1.73; 163.76
60458333.000000; 2.35; 1.71; 161.89
60475000.000000; 2.34; 1.73; 161.63
60491667.000000; 2.34; 1.73; 161.92
60508333.000000; 2.35; 1.71; 162.33
60516667.000000; 2.34; 1.73; 161.21
60533333.000000; 2.35; 1.71; 161.96
60550000.000000; 2.34; 1.73; 161.00
60566667.000000; 2.34; 1.73; 160.74
60583333.000000; 2.34; 1.73; 160.62
16667.000000; 2.32; 1.72; 143.78
33334.000000; 2.32; 1.72; 143.77
41667.000000; 2.32; 1.72; 143.77
58334.000000; 2.32; 1.72; 143.78
75000.000000; 2.32; 1.72; 143.77
91667.000000; 2.32; 1.72; 143.78
108334.000000; 2.32; 1.72; 143.77
125000.000000; 2.32; 1.72; 143.78
141667.000000; 2.32; 1.72; 143.76
158334.000000; 2.32; 1.72; 143.77
175000.000000; 2.32; 1.72; 143.76
191667.000000; 2.32; 1.72; 143.77
208334.000000; 2.32; 1.72; 143.78
225000.000000; 2.32; 1.72; 143.78
241667.000000; 2.32; 1.72; 143.76
250000.000000; 2.32; 1.72; 143.78
266667.000000; 2.32; 1.72; 143.76
283334.000000; 2.32; 1.72; 143.78
300000.000000; 2.32; 1.72; 143.77
316667.000000; 2.32; 1.72; 143.78
333334.000000; 2.32; 1.72; 143.77
350000.000000; 2.32; 1.72; 143.77
366667.000000; 2.32; 1.72; 143.77
383334.000000; 2.32; 1.72; 143.77
400000.000000; 2.32; 1.72; 143.78
416667.000000; 2.32; 1.72; 143.75
433334.000000; 2.32; 1.72; 143.77
450000.000000; 2.32; 1.72; 143.77
458334.000000; 2.32; 1.72; 143.76
475000.000000; 2.32; 1.72; 143.78
491667.000000; 2.32; 1.72; 143.75
508334.000000; 2.32; 1.72; 143.78
525000.000000; 2.32; 1.72; 143.76
541667.000000; 2.32; 1.72; 143.77
558334.000000; 2.32; 1.72; 143.78
575000.000000; 2.32; 1.72; 143.78
591667.000000; 2.32; 1.72; 143.76
608334.000000; 2.32; 1.72; 143.77
625000.000000; 2.32; 1.72; 143.77
641667.000000; 2.32; 1.72; 143.77
650000.000000; 2.32; 1.72; 143.79
666667.000000; 2.32; 1.72; 143.76
683334.000000; 2.32; 1.72; 143.79
700000.000000; 2.32; 1.72; 143.77
716667.000000; 2.32; 1.72; 143.78
733334.000000; 2.32; 1.72; 143.77
750000.000000; 2.32; 1.72; 143.77
766667.000000; 2.32; 1.72; 143.77
783334.000000; 2.32; 1.72; 143.76
800000.000000; 2.32; 1.72; 143.77
816667.000000; 2.32; 1.72; 143.77
833334.000000; 2.32; 1.72; 143.79
841667.000000; 2.32; 1.72; 143.78
858334.000000; 2.32; 1.72; 143.77
875000.000000; 2.32; 1.72; 143.76
891667.000000; 2.32; 1.72; 143.77
908334.000000; 2.32; 1.72; 143.77
925000.000000; 2.32; 1.72; 143.77
941667.000000; 2.32; 1.72; 143.77
958334.000000; 2.32; 1.72; 143.79
975000.000000; 2.32; 1.72; 143.77
991667.000000; 2.32; 1.72; 143.77
1008334.000000; 2.32; 1.72; 143.76
1025000.000000; 2.32; 1.72; 143.77
1041667.000000; 2.32; 1.72; 143.78
1050000.000000; 2.32; 1.72; 143.76
1066667.000000; 2.32; 1.72; 143.76
1083334.000000; 2.32; 1.72; 143.76
1100000.000000; 2.32; 1.72; 143.76
1116667.000000; 2.32; 1.72; 143.74
1133334.000000; 2.32; 1.72; 143.76
1150000.000000; 2.32; 1.72; 143.79
1166667.000000; 2.32; 1.72; 143.78
1183334.000000; 2.32; 1.72; 143.78
1200000.000000; 2.32; 1.72; 143.78
1216667.000000; 2.32; 1.72; 143.76
1233334.000000; 2.32; 1.72; 143.77
1250000.000000; 2.32; 1.72; 143.77
1258334.000000; 2.32; 1.72; 143.78
1275000.000000; 2.32; 1.72; 143.77
1291667.000000; 2.32; 1.72; 143.75
1308334.000000; 2.32; 1.72; 143.77
1325000.000000; 2.33; 1.72; 143.88
1341667.000000; 2.32; 1.72; 143.78
1358334.000000; 2.32; 1.72; 143.76
1375000.000000; 2.32; 1.72; 143.80
1391667.000000; 2.32; 1.72; 143.77
1408334.000000; 2.32; 1.72; 143.76
1425000.000000; 2.32; 1.72; 143.77
1441667.000000; 2.32; 1.72; 143.77
1458334.000000; 2.32; 1.72; 143.76
1466667.000000; 2.32; 1.72; 143.77
1483334.000000; 2.32; 1.72; 143.76
1500000.000000; 2.32; 1.72; 143.76
1516667.000000; 2.32; 1.72; 143.79
1533334.000000; 2.32; 1.72; 143.78
1550000.000000; 2.32; 1.72; 143.77
1566667.000000; 2.32; 1.72; 143.78
1583334.000000; 2.32; 1.72; 143.78
1600000.000000; 2.32; 1.72; 143.76
1616667.000000; 2.32; 1.72; 143.76
1633334.000000; 2.32; 1.72; 143.79
1650000.000000; 2.32; 1.72; 143.78
1658334.000000; 2.32; 1.72; 143.76
1675000.000000; 2.32; 1.72; 143.77
1691667.000000; 2.32; 1.72; 143.77
1708334.000000; 2.32; 1.72; 143.77
1725000.000000; 2.32; 1.72; 143.77
1741667.000000; 2.32; 1.72; 143.78
1758334.000000; 2.32; 1.72; 143.78
1775000.000000; 2.32; 1.72; 143.77
1791667.000000; 2.32; 1.72; 143.77
1808334.000000; 2.32; 1.72; 143.78
1825000.000000; 2.32; 1.72; 143.76
1841667.000000; 2.32; 1.72; 143.78
1850000.000000; 2.32; 1.72; 143.75
1866667.000000; 2.32; 1.72; 143.76
1883334.000000; 2.32; 1.72; 143.78
1900000.000000; 2.32; 1.72; 143.77
1916667.000000; 2.32; 1.72; 143.77
1933334.000000; 2.32; 1.72; 143.77
1950000.000000; 2.32; 1.72; 143.78
1966667.000000; 2.32; 1.72; 143.79
1983334.000000; 2.32; 1.72; 143.77
2000000.000000; 2.32; 1.72; 143.78
2016667.000000; 2.32; 1.72; 143.77
2033334.000000; 2.32; 1.72; 143.78
2041667.000000; 2.32; 1.72; 143.77
2058334.000000; 2.32; 1.72; 143.78
2075000.000000; 2.32; 1.72; 143.77
2091667.000000; 2.32; 1.72; 143.77
2108334.000000; 2.32; 1.72; 143.77
2125000.000000; 2.32; 1.72; 143.78
2141667.000000; 2.32; 1.72; 143.76
2158334.000000; 2.32; 1.72; 143.76
2175000.000000; 2.32; 1.72; 143.78
2191667.000000; 2.32; 1.72; 143.78
2208334.000000; 2.32; 1.72; 143.78
2225000.000000; 2.32; 1.72; 143.78
2241667.000000; 2.32; 1.72; 143.77
2250000.000000; 2.32; 1.72; 143.74
2266667.000000; 2.32; 1.72; 143.76
2283334.000000; 2.32; 1.72; 143.77
2300000.000000; 2.32; 1.72; 143.78
2316667.000000; 2.32; 1.72; 143.78
2333334.000000; 2.33; 1.72; 144.08
2350000.000000; 2.33; 1.72; 144.08
2366667.000000; 2.33; 1.72; 144.08
2383334.000000; 2.33; 1.72; 144.07
2400000.000000; 2.32; 1.72; 143.78
2416667.000000; 2.32; 1.72; 143.76
2433334.000000; 2.32; 1.72; 143.77
2450000.000000; 2.32; 1.72; 143.77
2458334.000000; 2.32; 1.72; 143.75
2475000.000000; 2.32; 1.72; 143.77
2491667.000000; 2.32; 1.72; 143.77
2508334.000000; 2.32; 1.72; 143.74
2525000.000000; 2.32; 1.72; 143.73
2541667.000000; 2.32; 1.72; 143.70
2558334.000000; 2.32; 1.72; 143.66
2575000.000000; 2.32; 1.72; 143.67
2591667.000000; 2.32; 1.72; 143.65
2608334.000000; 2.32; 1.72; 143.66
2625000.000000; 2.32; 1.72; 143.69
2641667.000000; 2.32; 1.72; 143.76
2650000.000000; 2.32; 1.72; 143.79
2666667.000000; 2.32; 1.72; 143.79
2683334.000000; 2.32; 1.72; 143.77
2700000.000000; 2.32; 1.72; 143.66
2716667.000000; 2.32; 1.72; 143.49
2733334.000000; 2.32; 1.72; 143.38
2750000.000000; 2.32; 1.72; 143.37
2766667.000000; 2.32; 1.72; 143.37
2783334.000000; 2.32; 1.72; 143.39
2800000.000000; 2.32; 1.72; 143.39
2816667.000000; 2.32; 1.72; 143.42
2833334.000000; 2.32; 1.72; 143.45
2850000.000000; 2.32; 1.72; 142.98
2858334.000000; 2.32; 1.72; 142.99
2875000.000000; 2.32; 1.72; 143.04
2891667.000000; 2.32; 1.72; 143.06
2908334.000000; 2.33; 1.72; 143.42
2925000.000000; 2.33; 1.72; 143.06
2941667.000000; 2.33; 1.72; 143.23
2958334.000000; 2.33; 1.72; 143.53
2975000.000000; 2.33; 1.72; 143.17
2991667.000000; 2.33; 1.72; 143.28
3008334.000000; 2.33; 1.72; 143.30
3025000.000000; 2.33; 1.72; 143.54
3041667.000000; 2.33; 1.72; 143.34
3050000.000000; 2.33; 1.72; 143.55
3066667.000000; 2.33; 1.72; 143.64
3083334.000000; 2.33; 1.72; 143.64
3100000.000000; 2.33; 1.72; 143.55
3116667.000000; 2.33; 1.72; 143.68
3133334.000000; 2.33; 1.72; 143.68
3150000.000000; 2.33; 1.72; 143.67
3166667.000000; 2.33; 1.72; 143.68
3183334.000000; 2.33; 1.72; 143.18
3200000.000000; 2.33; 1.72; 143.16
3216667.000000; 2.33; 1.72; 143.19
3233334.000000; 2.33; 1.72; 143.17
3250000.000000; 2.33; 1.72; 143.17
3258334.000000; 2.33; 1.72; 143.28
3275000.000000; 2.33; 1.72; 143.24
3291667.000000; 2.33; 1.72; 143.27
3308334.000000; 2.33; 1.72; 143.26
3325000.000000; 2.33; 1.72; 143.23
3341667.000000; 2.33; 1.72; 143.25
3358334.000000; 2.33; 1.72; 143.18
3375000.000000; 2.33; 1.72; 143.19
3391667.000000; 2.33; 1.72; 143.19
3408334.000000; 2.33; 1.72; 143.20
3425000.000000; 2.33; 1.72; 143.19
3441667.000000; 2.33; 1.72; 143.67
3450000.000000; 2.33; 1.72; 143.69
3466667.000000; 2.33; 1.72; 143.70
3483334.000000; 2.33; 1.72; 143.72
3500000.000000; 2.33; 1.72; 143.71
3516667.000000; 2.33; 1.72; 143.73
3533334.000000; 2.33; 1.72; 143.77
3550000.000000; 2.33; 1.72; 143.78
3566667.000000; 2.33; 1.72; 143.82
3583334.000000; 2.33; 1.72; 143.84
3600000.000000; 2.33; 1.72; 143.79
3616667.000000; 2.33; 1.72; 143.78
3633334.000000; 2.33; 1.72; 143.79
3650000.000000; 2.33; 1.72; 143.78
3658334.000000; 2.33; 1.72; 143.77
3675000.000000; 2.33; 1.72; 143.78
3691667.000000; 2.33; 1.72; 143.78
3708334.000000; 2.33; 1.72; 143.78
3725000.000000; 2.33; 1.72; 143.79
3741667.000000; 2.33; 1.72; 143.78
3758334.000000; 2.33; 1.72; 143.79
3775000.000000; 2.33; 1.72; 144.03
3791667.000000; 2.33; 1.72; 144.03
3808334.000000; 2.33; 1.72; 144.04
3825000.000000; 2.33; 1.72; 144.05
3841667.000000; 2.33; 1.72; 144.04
3850000.000000; 2.33; 1.72; 144.03
3866667.000000; 2.33; 1.72; 144.07
3883334.000000; 2.32; 1.72; 143.72
3900000.000000; 2.32; 1.72; 143.73
3916667.000000; 2.32; 1.72; 143.74
3933334.000000; 2.32; 1.72; 143.75
3950000.000000; 2.32; 1.72; 143.73
3966667.000000; 2.32; 1.72; 143.74
3983334.000000; 2.32; 1.72; 143.74
4000000.000000; 2.32; 1.72; 143.74
4016667.000000; 2.32; 1.72; 143.73
4033334.000000; 2.32; 1.72; 143.73
4050000.000000; 2.32; 1.72; 143.73
4058334.000000; 2.32; 1.72; 143.73
4075000.000000; 2.32; 1.72; 143.73
4091667.000000; 2.32; 1.72; 143.75
4108334.000000; 2.32; 1.72; 143.72
4125000.000000; 2.32; 1.72; 143.73
4141667.000000; 2.32; 1.72; 143.75
4158334.000000; 2.32; 1.72; 143.73
4175000.000000; 2.32; 1.72; 143.74
4191667.000000; 2.32; 1.72; 143.73
4208334.000000; 2.32; 1.72; 143.74
4225000.000000; 2.32; 1.72; 143.74
4241667.000000; 2.32; 1.72; 143.74
4258334.000000; 2.32; 1.72; 143.74
4266667.000000; 2.32; 1.72; 143.74
4283334.000000; 2.32; 1.72; 143.74
11491667.000000; 2.32; 1.72; 143.73
11508334.000000; 2.32; 1.72; 143.72
11525000.000000; 2.32; 1.72; 143.75
11533334.000000; 2.32; 1.72; 143.73
11550000.000000; 2.32; 1.72; 143.74
11566667.000000; 2.32; 1.72; 143.75
11583334.000000; 2.32; 1.72; 143.74
11600000.000000; 2.32; 1.72; 143.74
11616667.000000; 2.32; 1.72; 143.72
11633334.000000; 2.32; 1.72; 143.73
11650000.000000; 2.32; 1.72; 143.72
11666667.000000; 2.32; 1.72; 143.74
11683334.000000; 2.32; 1.72; 143.74
11700000.000000; 2.32; 1.72; 143.74
11716667.000000; 2.32; 1.72; 143.73
11725000.000000; 2.32; 1.72; 143.75
11741667.000000; 2.32; 1.72; 143.76
11758334.000000; 2.32; 1.72; 143.71
11775000.000000; 2.32; 1.72; 143.72
11791667.000000; 2.32; 1.72; 143.73
11808334.000000; 2.32; 1.72; 143.73
11825000.000000; 2.32; 1.72; 143.73
11841667.000000; 2.32; 1.72; 143.74
11858334.000000; 2.32; 1.72; 143.76
11875000.000000; 2.32; 1.72; 143.72
11891667.000000; 2.32; 1.72; 143.73
11908334.000000; 2.32; 1.72; 143.73
11916667.000000; 2.32; 1.72; 143.73
11933334.000000; 2.32; 1.72; 143.73
11950000.000000; 2.32; 1.72; 143.75
11966667.000000; 2.32; 1.72; 143.75
11983334.000000; 2.32; 1.72; 143.74
12000000.000000; 2.32; 1.72; 143.72
12016667.000000; 2.32; 1.72; 143.73
12033334.000000; 2.32; 1.72; 143.75
12050000.000000; 2.32; 1.72; 143.73
12066667.000000; 2.32; 1.72; 143.74
12083334.000000; 2.32; 1.72; 143.73
12100000.000000; 2.32; 1.72; 143.74
12116667.000000; 2.32; 1.72; 143.75
12125000.000000; 2.32; 1.72; 143.76
12141667.000000; 2.32; 1.72; 143.76
12158334.000000; 2.32; 1.72; 143.73
12175000.000000; 2.32; 1.72; 143.73
12191667.000000; 2.32; 1.72; 143.74
12208334.000000; 2.32; 1.72; 143.74
12225000.000000; 2.32; 1.72; 143.75
12241667.000000; 2.32; 1.72; 143.73
12258334.000000; 2.32; 1.72; 143.72
12275000.000000; 2.32; 1.72; 143.73
12291667.000000; 2.32; 1.72; 143.73
12308334.000000; 2.32; 1.72; 143.73
12316667.000000; 2.32; 1.72; 143.73
12333334.000000; 2.32; 1.72; 143.72
12350000.000000; 2.32; 1.72; 143.74
12366667.000000; 2.32; 1.72; 143.73
12383334.000000; 2.32; 1.72; 143.75
12400000.000000; 2.32; 1.72; 143.73
12416667.000000; 2.32; 1.72; 143.73
12433334.000000; 2.32; 1.72; 143.73
12450000.000000; 2.32; 1.72; 143.73
12466667.000000; 2.32; 1.72; 143.73
12483334.000000; 2.32; 1.72; 143.73
12500000.000000; 2.32; 1.72; 143.72
12516667.000000; 2.32; 1.72; 143.72
12525000.000000; 2.32; 1.72; 143.73
12541667.000000; 2.32; 1.72; 143.73
12558334.000000; 2.33; 1.72; 143.83
12575000.000000; 2.32; 1.72; 143.74
12591667.000000; 2.32; 1.72; 143.72
12608334.000000; 2.32; 1.72; 143.72
12625000.000000; 2.32; 1.72; 143.74
12641667.000000; 2.32; 1.72; 143.74
12658334.000000; 2.32; 1.72; 143.76
12675000.000000; 2.32; 1.72; 143.73
12691667.000000; 2.32; 1.72; 143.72
12708334.000000; 2.32; 1.72; 143.74
12725000.000000; 2.32; 1.72; 143.73
12733334.000000; 2.32; 1.72; 143.75
12750000.000000; 2.32; 1.72; 143.73
12766667.000000; 2.32; 1.72; 143.74
12783334.000000; 2.32; 1.72; 143.73
12800000.000000; 2.32; 1.72; 143.74
12816667.000000; 2.32; 1.72; 143.73
12833334.000000; 2.32; 1.72; 143.76
12850000.000000; 2.32; 1.72; 143.75
12866667.000000; 2.32; 1.72; 143.72
12883334.000000; 2.32; 1.72; 143.74
12900000.000000; 2.32; 1.72; 143.73
12916667.000000; 2.32; 1.72; 143.75
12925000.000000; 2.32; 1.72; 143.72
12941667.000000; 2.32; 1.72; 143.73
12958334.000000; 2.32; 1.72; 143.74
12975000.000000; 2.32; 1.72; 143.73
12991667.000000; 2.32; 1.72; 143.75
13008334.000000; 2.32; 1.72; 143.75
13025000.000000; 2.32; 1.72; 143.72
13041667.000000; 2.32; 1.72; 143.73
13058334.000000; 2.32; 1.72; 143.73
13075000.000000; 2.32; 1.72; 143.74
13091667.000000; 2.32; 1.72; 143.73
13108334.000000; 2.32; 1.72; 143.73
13125000.000000; 2.32; 1.72; 143.74
13133334.000000; 2.32; 1.72; 143.74
13150000.000000; 2.32; 1.72; 143.72
13166667.000000; 2.32; 1.72; 143.74
13183334.000000; 2.32; 1.72; 143.73
13200000.000000; 2.32; 1.72; 143.74
13216667.000000; 2.32; 1.72; 143.72
13233334.000000; 2.32; 1.72; 143.74
13250000.000000; 2.32; 1.72; 143.74
13266667.000000; 2.32; 1.72; 143.74
13283334.000000; 2.32; 1.72; 143.74
13300000.000000; 2.32; 1.72; 143.73
13316667.000000; 2.32; 1.72; 143.73
13333334.000000; 2.32; 1.72; 143.73
13341667.000000; 2.32; 1.72; 143.73
13358334.000000; 2.32; 1.72; 143.74
13375000.000000; 2.32; 1.72; 143.73
13391667.000000; 2.32; 1.72; 143.74
13408334.000000; 2.32; 1.72; 143.74
13425000.000000; 2.32; 1.72; 143.75
13441667.000000; 2.32; 1.72; 143.72
13458334.000000; 2.32; 1.72; 143.73
13475000.000000; 2.32; 1.72; 143.75
13491667.000000; 2.32; 1.72; 143.75
13508334.000000; 2.32; 1.72; 143.74
13525000.000000; 2.32; 1.72; 143.72
13533334.000000; 2.32; 1.72; 143.73
13550000.000000; 2.32; 1.72; 143.74
13566667.000000; 2.32; 1.72; 143.73
13583334.000000; 2.32; 1.72; 143.72
13600000.000000; 2.32; 1.72; 143.72
13616667.000000; 2.32; 1.72; 143.73
13633334.000000; 2.32; 1.72; 143.74
13650000.000000; 2.32; 1.72; 143.74
13666667.000000; 2.32; 1.72; 143.72
13683334.000000; 2.32; 1.72; 143.73
13700000.000000; 2.32; 1.72; 143.74
13716667.000000; 2.32; 1.72; 143.74
13725000.000000; 2.32; 1.72; 143.74
13741667.000000; 2.32; 1.72; 143.71
13758334.000000; 2.32; 1.72; 143.74
13775000.000000; 2.32; 1.72; 143.74
13791667.000000; 2.32; 1.72; 143.72
13808334.000000; 2.32; 1.72; 143.73
13825000.000000; 2.32; 1.72; 143.74
13841667.000000; 2.32; 1.72; 143.76
13858334.000000; 2.32; 1.72; 143.75
13875000.000000; 2.32; 1.72; 143.73
13891667.000000; 2.32; 1.72; 143.71
13908334.000000; 2.32; 1.72; 143.75
13925000.000000; 2.32; 1.72; 143.74
13933334.000000; 2.32; 1.72; 143.74
13950000.000000; 2.32; 1.72; 143.72
13966667.000000; 2.32; 1.72; 143.73
13983334.000000; 2.32; 1.72; 143.72
14000000.000000; 2.32; 1.72; 143.74
14016667.000000; 2.32; 1.72; 143.72
14033334.000000; 2.32; 1.72; 143.74
14050000.000000; 2.32; 1.72; 143.72
14066667.000000; 2.32; 1.72; 143.72
14083334.000000; 2.32; 1.72; 143.73
14100000.000000; 2.32; 1.72; 143.74
14116667.000000; 2.32; 1.72; 143.73
14133334.000000; 2.32; 1.72; 143.73
14141667.000000; 2.32; 1.72; 143.74
14158334.000000; 2.32; 1.72; 143.74
14175000.000000; 2.32; 1.72; 143.73
14191667.000000; 2.32; 1.72; 143.74
14208334.000000; 2.32; 1.72; 143.73
14225000.000000; 2.32; 1.72; 143.74
14241667.000000; 2.32; 1.72; 143.76
14258334.000000; 2.32; 1.72; 143.75
14275000.000000; 2.32; 1.72; 143.73
14291667.000000; 2.32; 1.72; 143.72
14308334.000000; 2.32; 1.72; 143.71
14325000.000000; 2.32; 1.72; 143.73
14333334.000000; 2.32; 1.72; 143.74
14350000.000000; 2.32; 1.72; 143.73
14366667.000000; 2.32; 1.72; 143.72
14383334.000000; 2.32; 1.72; 143.74
14400000.000000; 2.32; 1.72; 143.73
14416667.000000; 2.32; 1.72; 143.73
14433334.000000; 2.32; 1.72; 143.73
14450000.000000; 2.32; 1.72; 143.74
14466667.000000; 2.32; 1.72; 143.73
14483334.000000; 2.32; 1.72; 143.73
14500000.000000; 2.32; 1.72; 143.73
14516667.000000; 2.32; 1.72; 143.74
14525000.000000; 2.32; 1.72; 143.72
14541667.000000; 2.32; 1.72; 143.75
14558334.000000; 2.32; 1.72; 143.72
14575000.000000; 2.32; 1.72; 143.73
14591667.000000; 2.32; 1.72; 143.74
14608334.000000; 2.32; 1.72; 143.73
14625000.000000; 2.32; 1.72; 143.73
14641667.000000; 2.32; 1.72; 143.73
14658334.000000; 2.32; 1.72; 143.74
14675000.000000; 2.32; 1.72; 143.74
14691667.000000; 2.32; 1.72; 143.76
14708334.000000; 2.32; 1.72; 143.75
14725000.000000; 2.32; 1.72; 143.72
14733334.000000; 2.32; 1.72; 143.74
14750000.000000; 2.32; 1.72; 143.74
14766667.000000; 2.32; 1.72; 143.73
14783334.000000; 2.32; 1.72; 143.74
14800000.000000; 2.32; 1.72; 143.73
14816667.000000; 2.32; 1.72; 143.74
14833334.000000; 2.32; 1.72; 143.74
14850000.000000; 2.32; 1.72; 143.72
14866667.000000; 2.32; 1.72; 143.73
14883334.000000; 2.32; 1.72; 143.72
14900000.000000; 2.32; 1.72; 143.72
14916667.000000; 2.32; 1.72; 143.74
14933334.000000; 2.32; 1.72; 143.73
14941667.000000; 2.32; 1.72; 143.74
14958334.000000; 2.32; 1.72; 143.75
14975000.000000; 2.32; 1.72; 143.75
14991667.000000; 2.32; 1.72; 143.75
15008334.000000; 2.32; 1.72; 143.74
15025000.000000; 2.32; 1.72; 143.73
15041667.000000; 2.32; 1.72; 143.73
15058334.000000; 2.32; 1.72; 143.72
15075000.000000; 2.32; 1.72; 143.74
15091667.000000; 2.32; 1.72; 143.73
15108334.000000; 2.32; 1.72; 143.74
15125000.000000; 2.32; 1.72; 143.75
15133334.000000; 2.32; 1.72; 143.75
15150000.000000; 2.32; 1.72; 143.74
15166667.000000; 2.32; 1.72; 143.74
15183334.000000; 2.32; 1.72; 143.74
15200000.000000; 2.32; 1.72; 143.74
15216667.000000; 2.32; 1.72; 143.74
15233334.000000; 2.32; 1.72; 143.73
15250000.000000; 2.32; 1.72; 143.73
15266667.000000; 2.32; 1.72; 143.74
15283334.000000; 2.32; 1.72; 143.72
15300000.000000; 2.32; 1.72; 143.72
15316667.000000; 2.32; 1.72; 143.75
15333334.000000; 2.32; 1.72; 143.75
15341667.000000; 2.32; 1.72; 143.75
15358334.000000; 2.32; 1.72; 143.74
15375000.000000; 2.32; 1.72; 143.72
15391667.000000; 2.32; 1.72; 143.75
15408334.000000; 2.32; 1.72; 143.73
15425000.000000; 2.32; 1.72; 143.73
15441667.000000; 2.32; 1.72; 143.73
15458334.000000; 2.32; 1.72; 143.74
15475000.000000; 2.32; 1.72; 143.74
15491667.000000; 2.32; 1.72; 143.74
15508334.000000; 2.32; 1.72; 143.73
15525000.000000; 2.32; 1.72; 143.75
15533334.000000; 2.32; 1.72; 143.73
15550000.000000; 2.32; 1.72; 143.73
15566667.000000; 2.32; 1.72; 143.74
15583334.000000; 2.32; 1.72; 143.73
15600000.000000; 2.32; 1.72; 143.74
15616667.000000; 2.32; 1.72; 143.74
15633334.000000; 2.32; 1.72; 143.74
15650000.000000; 2.32; 1.72; 143.74
15666667.000000; 2.32; 1.72; 143.73
15683334.000000; 2.32; 1.72; 143.73
15700000.000000; 2.32; 1.72; 143.74
15716667.000000; 2.32; 1.72; 143.72
15733334.000000; 2.32; 1.72; 143.74
15741667.000000; 2.32; 1.72; 143.74
15758334.000000; 2.32; 1.72; 143.73
15775000.000000; 2.32; 1.72; 143.72
15791667.000000; 2.32; 1.72; 143.71
15808334.000000; 2.32; 1.72; 143.74
15825000.000000; 2.32; 1.72; 143.73
15841667.000000; 2.32; 1.72; 143.74
15858334.000000; 2.32; 1.72; 143.75
15875000.000000; 2.32; 1.72; 143.73
15891667.000000; 2.32; 1.72; 143.74
15908334.000000; 2.32; 1.72; 143.75
15925000.000000; 2.32; 1.72; 143.72
15933334.000000; 2.32; 1.72; 143.74
15950000.000000; 2.32; 1.72; 143.73
15966667.000000; 2.32; 1.72; 143.74
15983334.000000; 2.32; 1.72; 143.72
16000000.000000; 2.32; 1.72; 143.73
16016667.000000; 2.32; 1.72; 143.74
16033334.000000; 2.32; 1.72; 143.72
16050000.000000; 2.32; 1.72; 143.74
16066667.000000; 2.32; 1.72; 143.75
16083334.000000; 2.32; 1.72; 143.75
16100000.000000; 2.32; 1.72; 143.71
16116667.000000; 2.32; 1.72; 143.75
16133334.000000; 2.32; 1.72; 143.73
16141667.000000; 2.32; 1.72; 143.74
16158334.000000; 2.32; 1.72; 143.72
16175000.000000; 2.32; 1.72; 143.73
16191667.000000; 2.32; 1.72; 143.73
16208334.000000; 2.32; 1.72; 143.74
16225000.000000; 2.32; 1.72; 143.75
16241667.000000; 2.32; 1.72; 143.72
16258334.000000; 2.32; 1.72; 143.73
16275000.000000; 2.32; 1.72; 143.73
16291667.000000; 2.32; 1.72; 143.73
16308334.000000; 2.32; 1.72; 143.71
16325000.000000; 2.32; 1.72; 143.74
16333334.000000; 2.32; 1.72; 143.72
16350000.000000; 2.32; 1.72; 143.73
16366667.000000; 2.32; 1.72; 143.75
16383334.000000; 2.32; 1.72; 143.75
16400000.000000; 2.32; 1.72; 143.72
16416667.000000; 2.32; 1.72; 143.74
16433334.000000; 2.32; 1.72; 143.75
16450000.000000; 2.32; 1.72; 143.75
16466667.000000; 2.32; 1.72; 143.75
16483334.000000; 2.32; 1.72; 143.77
16500000.000000; 2.32; 1.72; 143.79
16516667.000000; 2.32; 1.72; 143.77
16533334.000000; 2.32; 1.72; 143.80
16541667.000000; 2.32; 1.72; 143.78
16558334.000000; 2.32; 1.72; 143.78
16575000.000000; 2.32; 1.72; 143.80
16591667.000000; 2.32; 1.72; 143.82
16608334.000000; 2.32; 1.72; 143.81
16625000.000000; 2.32; 1.72; 143.80
16641667.000000; 2.32; 1.72; 143.81
16658334.000000; 2.32; 1.72; 143.81
16675000.000000; 2.32; 1.72; 143.79
16691667.000000; 2.32; 1.72; 143.81
16708334.000000; 2.32; 1.72; 143.81
16725000.000000; 2.32; 1.72; 143.81
16733334.000000; 2.32; 1.72; 143.79
16750000.000000; 2.32; 1.72; 143.81
16766667.000000; 2.32; 1.72; 143.79
16783334.000000; 2.32; 1.72; 143.80
16800000.000000; 2.32; 1.72; 143.77
16816667.000000; 2.32; 1.72; 143.74
16833334.000000; 2.32; 1.72; 143.76
16850000.000000; 2.32; 1.72; 143.76
16866667.000000; 2.32; 1.72; 143.74
16883334.000000; 2.32; 1.72; 143.75
16900000.000000; 2.32; 1.72; 143.77
16916667.000000; 2.32; 1.72; 143.73
16933334.000000; 2.32; 1.72; 143.73
16941667.000000; 2.32; 1.72; 143.74
16958334.000000; 2.32; 1.72; 143.73
16975000.000000; 2.32; 1.72; 143.74
16991667.000000; 2.32; 1.72; 143.75
17008334.000000; 2.32; 1.72; 143.74
17025000.000000; 2.32; 1.72; 143.76
17041667.000000; 2.32; 1.72; 143.73
17058334.000000; 2.32; 1.72; 143.75
17075000.000000; 2.32; 1.72; 143.75
17091667.000000; 2.32; 1.72; 143.74
17108334.000000; 2.32; 1.72; 143.74
17125000.000000; 2.32; 1.72; 143.75
17133334.000000; 2.32; 1.72; 143.75
17150000.000000; 2.32; 1.72; 143.73
17166667.000000; 2.32; 1.72; 143.75
17183334.000000; 2.32; 1.72; 143.73
17200000.000000; 2.32; 1.72; 143.73
17216667.000000; 2.32; 1.72; 143.74
17233334.000000; 2.32; 1.72; 143.75
17250000.000000; 2.32; 1.72; 143.76
17266667.000000; 2.32; 1.72; 143.73
17283334.000000; 2.32; 1.72; 143.74
17300000.000000; 2.32; 1.72; 143.75
17316667.000000; 2.32; 1.72; 143.73
17333334.000000; 2.32; 1.72; 143.75
17341667.000000; 2.32; 1.72; 143.73
17358334.000000; 2.32; 1.72; 143.74
17375000.000000; 2.32; 1.72; 143.72
17391667.000000; 2.32; 1.72; 143.76
17408334.000000; 2.32; 1.72; 143.74
17425000.000000; 2.32; 1.72; 143.72
17441667.000000; 2.32; 1.72; 143.75
17458334.000000; 2.32; 1.72; 143.74
17475000.000000; 2.32; 1.72; 143.76
17491667.000000; 2.32; 1.72; 143.73
17508334.000000; 2.32; 1.72; 143.73
17525000.000000; 2.32; 1.72; 143.74
17533334.000000; 2.32; 1.72; 143.74
17550000.000000; 2.32; 1.72; 143.73
17566667.000000; 2.32; 1.72; 143.74
17583334.000000; 2.32; 1.72; 143.74
17600000.000000; 2.32; 1.72; 143.74
17616667.000000; 2.32; 1.72; 143.73
17633334.000000; 2.32; 1.72; 143.73
17650000.000000; 2.32; 1.72; 143.72
17666667.000000; 2.32; 1.72; 143.73
17683334.000000; 2.32; 1.72; 143.74
17700000.000000; 2.32; 1.72; 143.74
17716667.000000; 2.32; 1.72; 143.74
17725000.000000; 2.32; 1.72; 143.74
17741667.000000; 2.32; 1.72; 143.75
17758334.000000; 2.32; 1.72; 143.75
17775000.000000; 2.32; 1.72; 143.74
17791667.000000; 2.32; 1.72; 143.74
17808334.000000; 2.32; 1.72; 143.74
17825000.000000; 2.32; 1.72; 143.75
17841667.000000; 2.32; 1.72; 143.74
17858334.000000; 2.32; 1.72; 143.76
17875000.000000; 2.32; 1.72; 143.75
17891667.000000; 2.32; 1.72; 143.76
17908334.000000; 2.32; 1.72; 143.73
17925000.000000; 2.32; 1.72; 143.74
17933334.000000; 2.32; 1.72; 143.73
17950000.000000; 2.32; 1.72; 143.75
17966667.000000; 2.32; 1.72; 143.73
17983334.000000; 2.32; 1.72; 143.73
18000000.000000; 2.32; 1.72; 143.75
18016667.000000; 2.32; 1.72; 143.74
18033334.000000; 2.32; 1.72; 143.74
18050000.000000; 2.32; 1.72; 143.73
18066667.000000; 2.32; 1.72; 143.76
18083334.000000; 2.32; 1.72; 143.75
18100000.000000; 2.32; 1.72; 143.72
18116667.000000; 2.32; 1.72; 143.74
18125000.000000; 2.32; 1.72; 143.75
18141667.000000; 2.32; 1.72; 143.75
18158334.000000; 2.32; 1.72; 143.74
18175000.000000; 2.32; 1.72; 143.72
18191667.000000; 2.32; 1.72; 143.75
18208334.000000; 2.32; 1.72; 143.75
18225000.000000; 2.32; 1.72; 143.73
18241667.000000; 2.32; 1.72; 143.76
18258334.000000; 2.32; 1.72; 143.73
18275000.000000; 2.32; 1.72; 143.73
18291667.000000; 2.32; 1.72; 143.75
18308334.000000; 2.32; 1.72; 143.75
18325000.000000; 2.32; 1.72; 143.76
18333334.000000; 2.32; 1.72; 143.74
18350000.000000; 2.32; 1.72; 143.74
18366667.000000; 2.32; 1.72; 143.73
18383334.000000; 2.32; 1.72; 143.75
18400000.000000; 2.32; 1.72; 143.76
18416667.000000; 2.32; 1.72; 143.75
18433334.000000; 2.32; 1.72; 143.75
18450000.000000; 2.32; 1.72; 143.75
18466667.000000; 2.32; 1.72; 143.74
18483334.000000; 2.32; 1.72; 143.73
18500000.000000; 2.32; 1.72; 143.75
18516667.000000; 2.32; 1.72; 143.75
18525000.000000; 2.32; 1.72; 143.72
18541667.000000; 2.32; 1.72; 143.76
18558334.000000; 2.32; 1.72; 143.74
18575000.000000; 2.32; 1.72; 143.74
18591667.000000; 2.32; 1.72; 143.74
18608334.000000; 2.32; 1.72; 143.74
18625000.000000; 2.33; 1.72; 144.04
18641667.000000; 2.33; 1.72; 144.03
18658334.000000; 2.33; 1.72; 144.13
18675000.000000; 2.33; 1.72; 144.14
18691667.000000; 2.33; 1.72; 144.13
18708334.000000; 2.33; 1.72; 144.13
18725000.000000; 2.33; 1.72; 144.09
18733334.000000; 2.33; 1.72; 144.07
18750000.000000; 2.33; 1.72; 144.04
18766667.000000; 2.33; 1.72; 143.92
18783334.000000; 2.33; 1.72; 143.88
18800000.000000; 2.33; 1.72; 143.87
18816667.000000; 2.33; 1.72; 143.81
18833334.000000; 2.33; 1.72; 143.77
18850000.000000; 2.33; 1.72; 143.74
18866667.000000; 2.33; 1.72; 143.74
18883334.000000; 2.33; 1.72; 143.72
18900000.000000; 2.33; 1.72; 143.69
18916667.000000; 2.33; 1.72; 143.69
18925000.000000; 2.33; 1.72; 143.69
18941667.000000; 2.33; 1.72; 143.70
18958334.000000; 2.33; 1.72; 143.68
18975000.000000; 2.33; 1.72; 143.83
18991667.000000; 2.33; 1.73; 145.94
19008334.000000; 2.33; 1.73; 145.95
19025000.000000; 2.33; 1.73; 145.93
19041667.000000; 2.33; 1.73; 145.94
19058334.000000; 2.33; 1.73; 145.93
19075000.000000; 2.33; 1.73; 145.92
19091667.000000; 2.33; 1.73; 145.94
19108334.000000; 2.33; 1.73; 145.93
19125000.000000; 2.33; 1.73; 145.96
19133334.000000; 2.33; 1.73; 145.91
19150000.000000; 2.33; 1.73; 145.95
19166667.000000; 2.33; 1.72; 143.51
19183334.000000; 2.33; 1.72; 143.66
19200000.000000; 2.33; 1.72; 143.65
19216667.000000; 2.33; 1.72; 143.65
19233334.000000; 2.33; 1.72; 143.66
19250000.000000; 2.33; 1.72; 143.66
19266667.000000; 2.33; 1.72; 143.67
19283334.000000; 2.33; 1.72; 143.65
19300000.000000; 2.33; 1.72; 143.67
19316667.000000; 2.33; 1.72; 143.65
19333334.000000; 2.33; 1.72; 143.65
19341667.000000; 2.33; 1.72; 143.67
19358334.000000; 2.33; 1.72; 143.64
19375000.000000; 2.33; 1.72; 143.64
19391667.000000; 2.33; 1.72; 143.63
19408334.000000; 2.33; 1.72; 143.66
19425000.000000; 2.33; 1.72; 143.66
19441667.000000; 2.33; 1.72; 143.66
19458334.000000; 2.33; 1.72; 143.65
19475000.000000; 2.33; 1.72; 143.67
19491667.000000; 2.33; 1.72; 143.64
19508334.000000; 2.33; 1.72; 143.65
19525000.000000; 2.33; 1.72; 143.63
19533334.000000; 2.33; 1.72; 143.66
19550000.000000; 2.33; 1.72; 143.66
19566667.000000; 2.33; 1.72; 143.66
19583334.000000; 2.33; 1.72; 143.65
19600000.000000; 2.33; 1.72; 143.65
19616667.000000; 2.33; 1.72; 143.65
19633334.000000; 2.33; 1.72; 143.68
19650000.000000; 2.33; 1.72; 143.68
19666667.000000; 2.33; 1.72; 143.65
19683334.000000; 2.33; 1.72; 143.66
19700000.000000; 2.33; 1.72; 143.68
19716667.000000; 2.33; 1.72; 143.57
19733334.000000; 2.33; 1.72; 143.23
19741667.000000; 2.33; 1.72; 143.24
19758334.000000; 2.33; 1.72; 143.23
19775000.000000; 2.33; 1.72; 143.23
19791667.000000; 2.33; 1.72; 143.25
19808334.000000; 2.33; 1.72; 143.25
19825000.000000; 2.32; 1.72; 143.73
19841667.000000; 2.33; 1.72; 143.84
19858334.000000; 2.33; 1.72; 143.86
19875000.000000; 2.33; 1.72; 143.88
19891667.000000; 2.33; 1.72; 143.88
19908334.000000; 2.33; 1.72; 143.92
19925000.000000; 2.33; 1.72; 143.92
19933334.000000; 2.33; 1.72; 143.90
19950000.000000; 2.33; 1.72; 143.91
19966667.000000; 2.33; 1.72; 143.93
19983334.000000; 2.33; 1.72; 143.91
20000000.000000; 2.33; 1.72; 144.01
20016667.000000; 2.33; 1.72; 144.02
20033334.000000; 2.33; 1.72; 144.06
20050000.000000; 2.33; 1.72; 144.05
20066667.000000; 2.33; 1.72; 144.05
20083334.000000; 2.33; 1.72; 144.06
20100000.000000; 2.33; 1.72; 144.05
20116667.000000; 2.33; 1.72; 144.08
20125000.000000; 2.33; 1.72; 144.07
20141667.000000; 2.33; 1.72; 144.09
20158334.000000; 2.33; 1.72; 144.08
20175000.000000; 2.33; 1.72; 144.09
20191667.000000; 2.33; 1.72; 144.11
20208334.000000; 2.33; 1.72; 144.13
20225000.000000; 2.33; 1.72; 144.13
20241667.000000; 2.33; 1.72; 144.15
20258334.000000; 2.33; 1.72; 144.16
20275000.000000; 2.33; 1.72; 144.14
20291667.000000; 2.33; 1.72; 144.15
20308334.000000; 2.32; 1.72; 143.74
20325000.000000; 2.32; 1.72; 143.75
20333334.000000; 2.32; 1.72; 143.75
20350000.000000; 2.32; 1.72; 143.74
20366667.000000; 2.32; 1.72; 143.74
20383334.000000; 2.32; 1.72; 143.75
20400000.000000; 2.32; 1.72; 143.72
20416667.000000; 2.32; 1.72; 143.74
20433334.000000; 2.32; 1.72; 143.74
20450000.000000; 2.32; 1.72; 143.73
20466667.000000; 2.32; 1.72; 143.74
20483334.000000; 2.32; 1.72; 143.73
20500000.000000; 2.32; 1.72; 143.75
20516667.000000; 2.32; 1.72; 143.75
20533334.000000; 2.32; 1.72; 143.74
20541667.000000; 2.32; 1.72; 143.73
20558334.000000; 2.32; 1.72; 143.76
20575000.000000; 2.32; 1.72; 143.73
20591667.000000; 2.32; 1.72; 143.76
20608334.000000; 2.32; 1.72; 143.73
20625000.000000; 2.32; 1.72; 143.72
20641667.000000; 2.32; 1.72; 143.74
20658334.000000; 2.32; 1.72; 143.73
20675000.000000; 2.32; 1.72; 143.76
20691667.000000; 2.32; 1.72; 143.73
20708334.000000; 2.32; 1.72; 143.72
20725000.000000; 2.32; 1.72; 143.73
20733334.000000; 2.32; 1.72; 143.73
20750000.000000; 2.32; 1.72; 143.74
20766667.000000; 2.32; 1.72; 143.75
20783334.000000; 2.32; 1.72; 143.75
20800000.000000; 2.32; 1.72; 143.75
20816667.000000; 2.32; 1.72; 143.75
20833334.000000; 2.32; 1.72; 143.73
20850000.000000; 2.32; 1.72; 143.74
20866667.000000; 2.32; 1.72; 143.74
20883334.000000; 2.32; 1.72; 143.76
20900000.000000; 2.32; 1.72; 143.75
20916667.000000; 2.32; 1.72; 143.76
20933334.000000; 2.32; 1.72; 143.74
20941667.000000; 2.32; 1.72; 143.73
20958334.000000; 2.32; 1.72; 143.75
20975000.000000; 2.32; 1.72; 143.74
20991667.000000; 2.32; 1.72; 143.74
21008334.000000; 2.32; 1.72; 143.74
21025000.000000; 2.32; 1.72; 143.73
21041667.000000; 2.32; 1.72; 143.73
21058334.000000; 2.32; 1.72; 143.74
21075000.000000; 2.32; 1.72; 143.75
21091667.000000; 2.32; 1.72; 143.75
21108334.000000; 2.32; 1.72; 143.72
21125000.000000; 2.32; 1.72; 143.75
21133334.000000; 2.32; 1.72; 143.72
21150000.000000; 2.32; 1.72; 143.73
21166667.000000; 2.32; 1.72; 143.75
21183334.000000; 2.32; 1.72; 143.74
21200000.000000; 2.32; 1.72; 143.74
21216667.000000; 2.32; 1.72; 143.74
21233334.000000; 2.33; 1.72; 143.84
21250000.000000; 2.32; 1.72; 143.76
21266667.000000; 2.32; 1.72; 143.75
21283334.000000; 2.32; 1.72; 143.75
21300000.000000; 2.32; 1.72; 143.72
21316667.000000; 2.32; 1.72; 143.74
21333334.000000; 2.32; 1.72; 143.76
21341667.000000; 2.32; 1.72; 143.74
21358334.000000; 2.32; 1.72; 143.73
21375000.000000; 2.32; 1.72; 143.75
21391667.000000; 2.32; 1.72; 143.75
21408334.000000; 2.32; 1.72; 143.75
21425000.000000; 2.32; 1.72; 143.75
21441667.000000; 2.32; 1.72; 143.73
21458334.000000; 2.32; 1.72; 143.75
21475000.000000; 2.32; 1.72; 143.74
21491667.000000; 2.32; 1.72; 143.74
21508334.000000; 2.32; 1.72; 143.73
21525000.000000; 2.32; 1.72; 143.75
21533334.000000; 2.32; 1.72; 143.72
21550000.000000; 2.32; 1.72; 143.75
21566667.000000; 2.32; 1.72; 143.74
21583334.000000; 2.32; 1.72; 143.74
21600000.000000; 2.32; 1.72; 143.74
21616667.000000; 2.32; 1.72; 143.74
21633334.000000; 2.32; 1.72; 143.73
21650000.000000; 2.32; 1.72; 143.73
21666667.000000; 2.32; 1.72; 143.74
21683334.000000; 2.32; 1.72; 143.75
21700000.000000; 2.32; 1.72; 143.72
21716667.000000; 2.32; 1.72; 143.74
21725000.000000; 2.32; 1.72; 143.74
21741667.000000; 2.32; 1.72; 143.73
21758334.000000; 2.32; 1.72; 143.73
21775000.000000; 2.32; 1.72; 143.72
21791667.000000; 2.32; 1.72; 143.74
21808334.000000; 2.32; 1.72; 143.75
21825000.000000; 2.32; 1.72; 143.73
21841667.000000; 2.32; 1.72; 143.73
21858334.000000; 2.32; 1.72; 143.71
21875000.000000; 2.32; 1.72; 143.73
21891667.000000; 2.32; 1.72; 143.74
21908334.000000; 2.32; 1.72; 143.75
21925000.000000; 2.32; 1.72; 143.74
21933334.000000; 2.32; 1.72; 143.72
21950000.000000; 2.32; 1.72; 143.75
21966667.000000; 2.32; 1.72; 143.74
21983334.000000; 2.32; 1.72; 143.72
22000000.000000; 2.32; 1.72; 143.75
22016667.000000; 2.32; 1.72; 143.74
22033334.000000; 2.32; 1.72; 143.73
22050000.000000; 2.32; 1.72; 143.73
22066667.000000; 2.32; 1.72; 143.74
22083334.000000; 2.32; 1.72; 143.74
22100000.000000; 2.32; 1.72; 143.74
22116667.000000; 2.32; 1.72; 143.74
22125000.000000; 2.32; 1.72; 143.71
22141667.000000; 2.32; 1.72; 143.72
22158334.000000; 2.32; 1.72; 143.74
22175000.000000; 2.32; 1.72; 143.73
22191667.000000; 2.32; 1.72; 143.74
22208334.000000; 2.32; 1.72; 143.73
22225000.000000; 2.32; 1.72; 143.73
22241667.000000; 2.32; 1.72; 143.74
22258334.000000; 2.32; 1.72; 143.73
22275000.000000; 2.32; 1.72; 143.73
22291667.000000; 2.32; 1.72; 143.74
22308334.000000; 2.32; 1.72; 143.72
22325000.000000; 2.32; 1.72; 143.74
22333334.000000; 2.32; 1.72; 143.74
22350000.000000; 2.32; 1.72; 143.74
22366667.000000; 2.32; 1.72; 143.76
22383334.000000; 2.32; 1.72; 143.74
22400000.000000; 2.32; 1.72; 143.73
22416667.000000; 2.32; 1.72; 143.73
22433334.000000; 2.32; 1.72; 143.72
22450000.000000; 2.32; 1.72; 143.73
22466667.000000; 2.32; 1.72; 143.73
22483334.000000; 2.32; 1.72; 143.72
22500000.000000; 2.32; 1.72; 143.75
22516667.000000; 2.32; 1.72; 143.74
22525000.000000; 2.32; 1.72; 143.74
22541667.000000; 2.32; 1.72; 143.73
22558334.000000; 2.32; 1.72; 143.74
22575000.000000; 2.32; 1.72; 143.74
22591667.000000; 2.32; 1.72; 143.74
22608334.000000; 2.32; 1.72; 143.74
22625000.000000; 2.32; 1.72; 143.74
22641667.000000; 2.32; 1.72; 143.74
22658334.000000; 2.32; 1.72; 143.75
22675000.000000; 2.32; 1.72; 143.80
22691667.000000; 2.32; 1.72; 143.98
22708334.000000; 2.32; 1.72; 144.13
22725000.000000; 2.32; 1.72; 144.38
22733334.000000; 2.32; 1.72; 144.52
22750000.000000; 2.33; 1.72; 144.83
22766667.000000; 2.32; 1.72; 145.28
22783334.000000; 2.33; 1.72; 145.48
22800000.000000; 2.33; 1.72; 146.05
22816667.000000; 2.33; 1.72; 146.71
22833334.000000; 2.32; 1.72; 147.63
22850000.000000; 2.33; 1.72; 148.48
22866667.000000; 2.33; 1.72; 149.32
22883334.000000; 2.32; 1.72; 150.11
22900000.000000; 2.32; 1.72; 150.93
22916667.000000; 2.32; 1.72; 151.86
22933334.000000; 2.32; 1.72; 152.81
22941667.000000; 2.33; 1.72; 153.06
22958334.000000; 2.33; 1.72; 154.00
22975000.000000; 2.33; 1.72; 155.00
22991667.000000; 2.32; 1.72; 156.14
23008334.000000; 2.33; 1.72; 156.91
23025000.000000; 2.33; 1.72; 157.78
23041667.000000; 2.32; 1.72; 158.63
23058334.000000; 2.32; 1.72; 159.48
23075000.000000; 2.32; 1.72; 160.30
23091667.000000; 2.32; 1.72; 161.13
23108334.000000; 2.32; 1.72; 161.91
23125000.000000; 2.32; 1.72; 162.76
23133334.000000; 2.32; 1.72; 162.98
23150000.000000; 2.32; 1.72; 163.76
23166667.000000; 2.32; 1.72; 164.40
23183334.000000; 2.32; 1.72; 164.98
23200000.000000; 2.32; 1.72; 165.57
23216667.000000; 2.32; 1.72; 166.06
23233334.000000; 2.32; 1.72; 166.57
23250000.000000; 2.32; 1.72; 166.91
23266667.000000; 2.32; 1.72; 167.71
23283334.000000; 2.32; 1.72; 168.13
23300000.000000; 2.32; 1.72; 168.55
23316667.000000; 2.32; 1.72; 169.07
23333334.000000; 2.32; 1.72; 169.42
23341667.000000; 2.32; 1.72; 169.63
23358334.000000; 2.32; 1.72; 170.11
23375000.000000; 2.32; 1.72; 170.37
23391667.000000; 2.32; 1.72; 170.85
23408334.000000; 2.32; 1.72; 171.42
23425000.000000; 2.32; 1.72; 171.96
23441667.000000; 2.32; 1.72; 172.72
23458334.000000; 2.32; 1.72; 173.32
23475000.000000; 2.32; 1.72; 173.94
23491667.000000; 2.32; 1.72; 174.60
23508334.000000; 2.32; 1.72; 175.27
23525000.000000; 2.32; 1.72; 176.05
23533334.000000; 2.32; 1.72; 176.40
23550000.000000; 2.32; 1.72; 177.12
23566667.000000; 2.32; 1.72; 177.94
23583334.000000; 2.32; 1.72; 178.72
23600000.000000; 2.32; 1.72; 179.44
23616667.000000; 2.32; 1.72; -179.82
23633334.000000; 2.32; 1.72; -179.07
23650000.000000; 2.32; 1.72; -178.42
23666667.000000; 2.32; 1.72; -178.10
23683334.000000; 2.33; 1.72; -177.76
23700000.000000; 2.33; 1.72; -177.55
23716667.000000; 2.33; 1.72; -177.47
23725000.000000; 2.33; 1.72; -177.49
23741667.000000; 2.33; 1.72; -177.52
23758334.000000; 2.33; 1.72; -177.41
23775000.000000; 2.33; 1.72; -177.66
23791667.000000; 2.33; 1.72; -178.09
23808334.000000; 2.33; 1.72; -178.44
23825000.000000; 2.33; 1.72; -178.78
23841667.000000; 2.33; 1.72; -178.91
23858334.000000; 2.33; 1.72; -179.19
23875000.000000; 2.33; 1.72; -179.59
23891667.000000; 2.33; 1.72; -179.73
23908334.000000; 2.33; 1.72; -179.98
23925000.000000; 2.33; 1.72; 179.81
23933334.000000; 2.33; 1.72; 179.73
23950000.000000; 2.33; 1.72; 179.54
23966667.000000; 2.33; 1.72; 179.34
23983334.000000; 2.33; 1.72; 179.28
24000000.000000; 2.33; 1.72; 179.41
24016667.000000; 2.33; 1.72; 179.25
24033334.000000; 2.33; 1.72; 179.54
24050000.000000; 2.33; 1.72; 179.30
24066667.000000; 2.33; 1.72; 179.30
24083334.000000; 2.33; 1.72; 179.33
24100000.000000; 2.33; 1.72; 179.32
24116667.000000; 2.33; 1.72; 179.51
24125000.000000; 2.33; 1.72; 179.53
24141667.000000; 2.33; 1.72; 179.40
24158334.000000; 2.33; 1.72; 179.34
24175000.000000; 2.33; 1.72; 179.52
24191667.000000; 2.33; 1.72; 179.40
24208334.000000; 2.33; 1.72; 179.40
24225000.000000; 2.33; 1.72; 179.15
24241667.000000; 2.34; 1.72; 178.99
24258334.000000; 2.34; 1.72; 179.01
24275000.000000; 2.34; 1.72; 178.91
24291667.000000; 2.34; 1.72; 179.02
24308334.000000; 2.34; 1.72; 179.00
24325000.000000; 2.33; 1.72; 179.18
24333334.000000; 2.34; 1.72; 179.07
24350000.000000; 2.34; 1.72; 179.02
24366667.000000; 2.34; 1.72; 179.03
24383334.000000; 2.34; 1.72; 179.03
24400000.000000; 2.34; 1.72; 179.01
24416667.000000; 2.34; 1.72; 179.02
24433334.000000; 2.34; 1.72; 179.03
24450000.000000; 2.34; 1.72; 179.02
24466667.000000; 2.34; 1.72; 179.03
24483334.000000; 2.34; 1.72; 179.03
24500000.000000; 2.34; 1.72; 179.05
24516667.000000; 2.34; 1.72; 179.03
24525000.000000; 2.34; 1.72; 179.03
24541667.000000; 2.34; 1.72; 179.03
24558334.000000; 2.34; 1.72; 179.04
24575000.000000; 2.34; 1.72; 179.04
24591667.000000; 2.34; 1.72; 179.03
24608334.000000; 2.34; 1.72; 179.03
24625000.000000; 2.34; 1.72; 179.03
24641667.000000; 2.34; 1.72; 179.02
24658334.000000; 2.34; 1.72; 179.03
24675000.000000; 2.34; 1.72; 179.02
24691667.000000; 2.34; 1.72; 179.03
24708334.000000; 2.34; 1.72; 179.04
24725000.000000; 2.34; 1.72; 179.04
24733334.000000; 2.34; 1.72; 179.04
24750000.000000; 2.34; 1.72; 179.05
24766667.000000; 2.34; 1.72; 179.04
24783334.000000; 2.34; 1.72; 179.06
24800000.000000; 2.34; 1.72; 179.05
24816667.000000; 2.34; 1.72; 179.04
24833334.000000; 2.34; 1.72; 179.05
24850000.000000; 2.34; 1.72; 179.05
24866667.000000; 2.34; 1.72; 179.06
24883334.000000; 2.34; 1.72; 179.04
24900000.000000; 2.34; 1.72; 179.03
24916667.000000; 2.34; 1.72; 179.05
24925000.000000; 2.34; 1.72; 179.04
24941667.000000; 2.34; 1.72; 179.05
24958334.000000; 2.34; 1.72; 179.08
24975000.000000; 2.34; 1.72; 179.04
24991667.000000; 2.34; 1.72; 179.05
25008334.000000; 2.34; 1.72; 179.04
25025000.000000; 2.34; 1.72; 179.05
25041667.000000; 2.34; 1.72; 179.04
25058334.000000; 2.34; 1.72; 179.02
25075000.000000; 2.34; 1.72; 179.02
25091667.000000; 2.34; 1.72; 179.05
25108334.000000; 2.34; 1.72; 179.04
25125000.000000; 2.34; 1.72; 179.03
25133334.000000; 2.34; 1.72; 179.05
25150000.000000; 2.34; 1.72; 179.03
25166667.000000; 2.34; 1.72; 179.05
25183334.000000; 2.34; 1.72; 179.04
25200000.000000; 2.34; 1.72; 179.05
25216667.000000; 2.34; 1.72; 179.00
25233334.000000; 2.34; 1.72; 179.01
25250000.000000; 2.34; 1.72; 179.03
25266667.000000; 2.34; 1.72; 179.02
25283334.000000; 2.34; 1.72; 179.03
25300000.000000; 2.34; 1.72; 179.02
25316667.000000; 2.34; 1.72; 179.03
25325000.000000; 2.34; 1.72; 179.03
25341667.000000; 2.34; 1.72; 179.03
25358334.000000; 2.34; 1.72; 179.02
25375000.000000; 2.34; 1.72; 179.02
25391667.000000; 2.34; 1.72; 179.03
25408334.000000; 2.34; 1.72; 179.02
25425000.000000; 2.34; 1.72; 179.04
25441667.000000; 2.34; 1.72; 179.03
25458334.000000; 2.34; 1.72; 179.02
25475000.000000; 2.34; 1.72; 179.02
25491667.000000; 2.34; 1.72; 179.03
25508334.000000; 2.34; 1.72; 179.03
25525000.000000; 2.34; 1.72; 179.01
25533334.000000; 2.34; 1.72; 179.02
25550000.000000; 2.34; 1.72; 179.03
25566667.000000; 2.34; 1.72; 179.03
25583334.000000; 2.34; 1.72; 179.02
25600000.000000; 2.34; 1.72; 179.03
25616667.000000; 2.34; 1.72; 179.03
25633334.000000; 2.34; 1.72; 179.03
25650000.000000; 2.34; 1.72; 179.03
25666667.000000; 2.34; 1.72; 179.03
25683334.000000; 2.34; 1.72; 179.03
25691667.000000; 2.34; 1.72; 179.02
25708334.000000; 2.34; 1.72; 179.01
25725000.000000; 2.34; 1.72; 179.02
25741667.000000; 2.34; 1.72; 179.03
25758334.000000; 2.34; 1.72; 179.02
25775000.000000; 2.34; 1.72; 179.02
25791667.000000; 2.34; 1.72; 179.03
25808334.000000; 2.34; 1.72; 179.02
25825000.000000; 2.34; 1.72; 179.03
25841667.000000; 2.34; 1.72; 179.03
25858334.000000; 2.34; 1.72; 179.01
25875000.000000; 2.34; 1.72; 179.03
25891667.000000; 2.34; 1.72; 179.03
25908334.000000; 2.34; 1.72; 179.02
25916667.000000; 2.34; 1.72; 179.03
25933334.000000; 2.34; 1.72; 179.03
25950000.000000; 2.34; 1.72; 179.03
25966667.000000; 2.34; 1.72; 179.04
25983334.000000; 2.34; 1.72; 179.21
26000000.000000; 2.34; 1.72; 179.03
26016667.000000; 2.34; 1.72; 179.03
26033334.000000; 2.34; 1.72; 179.02
26050000.000000; 2.34; 1.72; 179.03
26066667.000000; 2.34; 1.72; 179.02
26083334.000000; 2.34; 1.72; 179.02
26100000.000000; 2.34; 1.72; 179.03
26116667.000000; 2.34; 1.72; 179.03
26125000.000000; 2.34; 1.72; 179.03
26141667.000000; 2.34; 1.72; 179.03
26158334.000000; 2.34; 1.72; 179.02
26175000.000000; 2.34; 1.72; 179.03
26191667.000000; 2.34; 1.72; 179.02
26208334.000000; 2.34; 1.72; 179.03
26225000.000000; 2.34; 1.72; 179.02
26241667.000000; 2.34; 1.72; 179.03
26258334.000000; 2.34; 1.72; 179.03
26275000.000000; 2.34; 1.72; 179.03
26291667.000000; 2.34; 1.72; 179.02
26308334.000000; 2.34; 1.72; 179.03
26325000.000000; 2.34; 1.72; 179.03
26333334.000000; 2.34; 1.72; 179.03
26350000.000000; 2.34; 1.72; 179.02
26366667.000000; 2.34; 1.72; 179.02
26383334.000000; 2.34; 1.72; 179.01
26400000.000000; 2.34; 1.72; 179.03
26416667.000000; 2.34; 1.72; 179.02
26433334.000000; 2.34; 1.72; 179.04
26450000.000000; 2.34; 1.72; 179.02
26466667.000000; 2.34; 1.72; 179.02
26483334.000000; 2.34; 1.72; 179.02
26500000.000000; 2.34; 1.72; 179.03
26516667.000000; 2.34; 1.72; 179.03
26525000.000000; 2.34; 1.72; 179.03
26541667.000000; 2.34; 1.72; 179.03
26558334.000000; 2.34; 1.72; 179.02
26575000.000000; 2.34; 1.72; 179.02
26591667.000000; 2.34; 1.72; 179.03
26608334.000000; 2.34; 1.72; 179.03
26625000.000000; 2.34; 1.72; 179.02
26641667.000000; 2.34; 1.72; 179.03
26658334.000000; 2.34; 1.72; 179.02
26675000.000000; 2.34; 1.72; 179.23
26691667.000000; 2.34; 1.72; 179.02
26708334.000000; 2.34; 1.72; 179.03
26725000.000000; 2.34; 1.72; 179.02
26733334.000000; 2.34; 1.72; 179.02
26750000.000000; 2.34; 1.72; 179.02
26766667.000000; 2.34; 1.72; 179.03
26783334.000000; 2.34; 1.72; 179.02
26800000.000000; 2.34; 1.72; 179.03
26816667.000000; 2.34; 1.72; 179.02
26833334.000000; 2.34; 1.72; 179.02
26850000.000000; 2.34; 1.72; 179.03
26866667.000000; 2.34; 1.72; 179.01
26883334.000000; 2.34; 1.72; 179.03
26900000.000000; 2.34; 1.72; 179.03
26916667.000000; 2.34; 1.72; 179.01
26933334.000000; 2.34; 1.72; 179.03
26941667.000000; 2.34; 1.72; 179.03
26958334.000000; 2.34; 1.72; 179.02
26975000.000000; 2.34; 1.72; 179.02
26991667.000000; 2.34; 1.72; 179.03
27008334.000000; 2.34; 1.72; 179.02
27025000.000000; 2.34; 1.72; 179.02
27041667.000000; 2.34; 1.72; 179.03
27058334.000000; 2.34; 1.72; 179.02
27075000.000000; 2.34; 1.72; 179.03
27091667.000000; 2.34; 1.72; 179.02
27108334.000000; 2.34; 1.72; 179.01
27125000.000000; 2.34; 1.72; 179.03
27133334.000000; 2.34; 1.72; 179.02
27150000.000000; 2.34; 1.72; 179.03
27166667.000000; 2.34; 1.72; 179.03
27183334.000000; 2.34; 1.72; 179.03
27200000.000000; 2.34; 1.72; 179.03
27216667.000000; 2.34; 1.72; 179.02
27233334.000000; 2.34; 1.72; 179.01
27250000.000000; 2.34; 1.72; 179.02
27266667.000000; 2.34; 1.72; 179.03
27283334.000000; 2.34; 1.72; 179.02
27300000.000000; 2.34; 1.72; 179.02
27316667.000000; 2.34; 1.72; 179.02
27325000.000000; 2.34; 1.72; 179.02
27341667.000000; 2.34; 1.72; 179.02
27358334.000000; 2.34; 1.72; 179.02
27375000.000000; 2.34; 1.72; 179.02
27391667.000000; 2.34; 1.72; 179.03
27408334.000000; 2.34; 1.72; 179.02
27425000.000000; 2.34; 1.72; 179.01
27441667.000000; 2.34; 1.72; 179.01
27458334.000000; 2.34; 1.72; 179.03
27475000.000000; 2.34; 1.72; 179.02
27491667.000000; 2.34; 1.72; 179.03
27508334.000000; 2.34; 1.72; 179.02
27525000.000000; 2.34; 1.72; 179.02
27533334.000000; 2.34; 1.72; 179.02
27550000.000000; 2.34; 1.72; 179.03
27566667.000000; 2.34; 1.72; 179.02
27583334.000000; 2.34; 1.72; 179.02
27600000.000000; 2.34; 1.72; 179.02
27616667.000000; 2.34; 1.72; 179.02
27633334.000000; 2.34; 1.72; 179.03
27650000.000000; 2.34; 1.72; 179.02
27666667.000000; 2.34; 1.72; 179.03
27683334.000000; 2.34; 1.72; 179.02
27700000.000000; 2.34; 1.72; 179.01
27716667.000000; 2.34; 1.72; 179.03
27725000.000000; 2.34; 1.72; 179.02
27741667.000000; 2.34; 1.72; 179.03
27758334.000000; 2.34; 1.72; 179.02
27775000.000000; 2.34; 1.72; 179.02
27791667.000000; 2.34; 1.72; 179.02
27808334.000000; 2.34; 1.72; 179.01
27825000.000000; 2.34; 1.72; 179.03
27841667.000000; 2.34; 1.72; 179.02
27858334.000000; 2.34; 1.72; 179.03
27875000.000000; 2.34; 1.72; 179.03
27891667.000000; 2.34; 1.72; 179.01
27908334.000000; 2.34; 1.72; 179.02
27925000.000000; 2.34; 1.72; 179.22
27933334.000000; 2.34; 1.72; 179.02
27950000.000000; 2.34; 1.72; 179.02
27966667.000000; 2.34; 1.72; 179.01
27983334.000000; 2.34; 1.72; 179.02
28000000.000000; 2.34; 1.72; 179.02
28016667.000000; 2.34; 1.72; 179.03
28033334.000000; 2.34; 1.72; 179.03
28050000.000000; 2.34; 1.72; 179.02
28066667.000000; 2.34; 1.72; 179.02
28083334.000000; 2.34; 1.72; 179.03
28100000.000000; 2.34; 1.72; 179.03
28116667.000000; 2.34; 1.72; 179.03
28125000.000000; 2.34; 1.72; 179.02
28141667.000000; 2.34; 1.72; 179.02
28158334.000000; 2.34; 1.72; 179.02
28175000.000000; 2.34; 1.72; 179.02
28191667.000000; 2.34; 1.72; 179.02
28208334.000000; 2.34; 1.72; 179.02
28225000.000000; 2.34; 1.72; 179.03
28241667.000000; 2.34; 1.72; 179.02
28258334.000000; 2.34; 1.72; 179.22
28275000.000000; 2.34; 1.72; 179.02
28291667.000000; 2.34; 1.72; 179.02
28308334.000000; 2.34; 1.72; 179.02
28325000.000000; 2.34; 1.72; 179.02
28333334.000000; 2.34; 1.72; 179.03
28350000.000000; 2.34; 1.72; 179.02
28366667.000000; 2.34; 1.72; 179.02
28383334.000000; 2.34; 1.72; 179.04
28400000.000000; 2.34; 1.72; 179.02
28416667.000000; 2.34; 1.72; 179.03
28433334.000000; 2.34; 1.72; 179.01
28450000.000000; 2.34; 1.72; 179.02
28466667.000000; 2.34; 1.72; 179.01
28483334.000000; 2.34; 1.72; 179.02
28500000.000000; 2.34; 1.72; 179.02
28516667.000000; 2.34; 1.72; 179.00
28533334.000000; 2.34; 1.72; 179.01
28541667.000000; 2.34; 1.72; 179.03
28558334.000000; 2.34; 1.72; 179.03
28575000.000000; 2.34; 1.72; 179.03
28591667.000000; 2.34; 1.72; 179.03
28608334.000000; 2.34; 1.72; 179.02
28625000.000000; 2.34; 1.72; 179.02
28641667.000000; 2.34; 1.72; 179.02
28658334.000000; 2.34; 1.72; 179.02
28675000.000000; 2.34; 1.72; 179.03
28691667.000000; 2.34; 1.72; 179.03
28708334.000000; 2.34; 1.72; 179.03
28725000.000000; 2.34; 1.72; 179.02
28733334.000000; 2.34; 1.72; 179.01
28750000.000000; 2.34; 1.72; 179.04
28766667.000000; 2.34; 1.72; 179.02
28783334.000000; 2.34; 1.72; 179.02
28800000.000000; 2.34; 1.72; 179.02
28816667.000000; 2.34; 1.72; 179.02
28833334.000000; 2.34; 1.72; 179.03
28850000.000000; 2.34; 1.72; 179.03
28866667.000000; 2.34; 1.72; 179.02
28883334.000000; 2.34; 1.72; 179.02
28900000.000000; 2.34; 1.72; 179.03
28916667.000000; 2.34; 1.72; 179.02
28933334.000000; 2.34; 1.72; 179.03
28941667.000000; 2.34; 1.72; 179.02
28958334.000000; 2.34; 1.72; 179.03
28975000.000000; 2.34; 1.72; 179.02
28991667.000000; 2.34; 1.72; 179.01
29008334.000000; 2.34; 1.72; 179.03
29025000.000000; 2.34; 1.72; 179.02
29041667.000000; 2.34; 1.72; 179.03
29058334.000000; 2.34; 1.72; 179.01
29075000.000000; 2.34; 1.72; 179.02
29091667.000000; 2.34; 1.72; 179.02
29108334.000000; 2.34; 1.72; 179.01
29125000.000000; 2.34; 1.72; 179.02
29133334.000000; 2.34; 1.72; 179.02
29150000.000000; 2.34; 1.72; 179.02
29166667.000000; 2.34; 1.72; 179.03
29183334.000000; 2.34; 1.72; 179.03
29200000.000000; 2.34; 1.72; 179.01
29216667.000000; 2.34; 1.72; 179.03
29233334.000000; 2.34; 1.72; 179.02
29250000.000000; 2.34; 1.72; 179.01
29266667.000000; 2.34; 1.72; 179.03
29283334.000000; 2.34; 1.72; 179.03
29300000.000000; 2.34; 1.72; 179.02
29316667.000000; 2.34; 1.72; 179.02
29333334.000000; 2.34; 1.72; 179.02
29341667.000000; 2.34; 1.72; 179.03
29358334.000000; 2.34; 1.72; 179.02
29375000.000000; 2.34; 1.72; 179.02
29391667.000000; 2.34; 1.72; 179.02
29408334.000000; 2.34; 1.72; 179.02
29425000.000000; 2.34; 1.72; 179.03
29441667.000000; 2.34; 1.72; 179.01
29458334.000000; 2.34; 1.72; 179.02
29475000.000000; 2.34; 1.72; 179.02
29491667.000000; 2.34; 1.72; 179.02
29508334.000000; 2.34; 1.72; 179.02
29525000.000000; 2.34; 1.72; 179.01
29533334.000000; 2.34; 1.72; 179.03
29550000.000000; 2.34; 1.72; 179.02
29566667.000000; 2.34; 1.72; 179.02
29583334.000000; 2.34; 1.72; 179.01
29600000.000000; 2.34; 1.72; 179.02
29616667.000000; 2.34; 1.72; 179.02
29633334.000000; 2.34; 1.72; 179.01
29650000.000000; 2.34; 1.72; 179.03
29666667.000000; 2.34; 1.72; 179.01
29683334.000000; 2.34; 1.72; 179.01
29700000.000000; 2.34; 1.72; 179.02
29716667.000000; 2.34; 1.72; 179.22
29733334.000000; 2.34; 1.72; 179.02
29741667.000000; 2.34; 1.72; 179.01
29758334.000000; 2.34; 1.72; 179.01
29775000.000000; 2.34; 1.72; 179.01
29791667.000000; 2.34; 1.72; 179.02
29808334.000000; 2.34; 1.72; 179.02
29825000.000000; 2.34; 1.72; 179.03
29841667.000000; 2.34; 1.72; 179.02
29858334.000000; 2.34; 1.72; 179.01
29875000.000000; 2.34; 1.72; 179.02
29891667.000000; 2.34; 1.72; 179.03
29908334.000000; 2.34; 1.72; 179.03
29925000.000000; 2.34; 1.72; 179.01
29933334.000000; 2.34; 1.72; 179.03
29950000.000000; 2.34; 1.72; 179.02
29966667.000000; 2.34; 1.72; 179.02
29983334.000000; 2.34; 1.72; 179.03
30000000.000000; 2.34; 1.72; 179.03
30016667.000000; 2.34; 1.72; 179.02
30033334.000000; 2.34; 1.72; 179.02
30050000.000000; 2.34; 1.72; 179.02
30066667.000000; 2.34; 1.72; 179.02
30083334.000000; 2.34; 1.72; 179.03
30100000.000000; 2.34; 1.72; 179.02
30116667.000000; 2.34; 1.72; 179.02
30133334.000000; 2.34; 1.72; 179.02
30141667.000000; 2.34; 1.72; 179.02
30158334.000000; 2.34; 1.72; 179.02
30175000.000000; 2.34; 1.72; 179.02
30191667.000000; 2.34; 1.72; 179.03
30208334.000000; 2.34; 1.72; 179.01
30225000.000000; 2.34; 1.72; 179.03
30241667.000000; 2.34; 1.72; 179.03
30258334.000000; 2.34; 1.72; 179.02
30275000.000000; 2.34; 1.72; 179.03
30291667.000000; 2.34; 1.72; 179.02
30308334.000000; 2.34; 1.72; 179.03
30325000.000000; 2.34; 1.72; 179.03
30333334.000000; 2.34; 1.72; 179.02
30350000.000000; 2.34; 1.72; 179.02
30366667.000000; 2.34; 1.72; 179.02
30383334.000000; 2.34; 1.72; 179.03
30400000.000000; 2.34; 1.72; 179.22
30416667.000000; 2.34; 1.72; 179.02
30433334.000000; 2.34; 1.72; 179.02
30450000.000000; 2.34; 1.72; 179.03
30466667.000000; 2.34; 1.72; 179.02
30483334.000000; 2.34; 1.72; 179.02
30500000.000000; 2.34; 1.72; 179.03
30508334.000000; 2.34; 1.72; 179.02
30525000.000000; 2.34; 1.72; 179.03
30541667.000000; 2.34; 1.72; 179.03
30558334.000000; 2.34; 1.72; 179.02
30575000.000000; 2.34; 1.72; 179.02
30591667.000000; 2.34; 1.72; 179.03
30608334.000000; 2.34; 1.72; 179.02
30625000.000000; 2.34; 1.72; 179.02
30641667.000000; 2.34; 1.72; 179.02
30658334.000000; 2.34; 1.72; 179.02
30675000.000000; 2.34; 1.72; 179.03
30691667.000000; 2.34; 1.72; 179.23
30708334.000000; 2.34; 1.72; 179.02
30725000.000000; 2.34; 1.72; 179.03
30733334.000000; 2.34; 1.72; 179.02
30750000.000000; 2.34; 1.72; 179.04
30766667.000000; 2.34; 1.72; 179.03
30783334.000000; 2.34; 1.72; 179.02
30800000.000000; 2.34; 1.72; 179.02
30816667.000000; 2.34; 1.72; 179.02
30833334.000000; 2.34; 1.72; 179.02
30850000.000000; 2.34; 1.72; 179.02
30866667.000000; 2.34; 1.72; 179.02
30883334.000000; 2.34; 1.72; 179.02
30900000.000000; 2.34; 1.72; 179.01
30916667.000000; 2.34; 1.72; 179.01
30933334.000000; 2.34; 1.72; 179.02
30941667.000000; 2.34; 1.72; 179.02
30958334.000000; 2.34; 1.72; 179.01
30975000.000000; 2.34; 1.72; 179.02
30991667.000000; 2.34; 1.72; 179.03
31008334.000000; 2.34; 1.72; 179.22
31025000.000000; 2.34; 1.72; 179.01
31041667.000000; 2.34; 1.72; 179.02
31058334.000000; 2.34; 1.72; 179.01
31075000.000000; 2.34; 1.72; 179.01
31091667.000000; 2.34; 1.72; 178.99
31108334.000000; 2.34; 1.72; 178.97
31116667.000000; 2.34; 1.72; 178.96
31133334.000000; 2.34; 1.72; 178.97
31150000.000000; 2.34; 1.72; 179.03
31166667.000000; 2.34; 1.72; 179.03
31183334.000000; 2.34; 1.72; 179.03
31200000.000000; 2.34; 1.72; 179.03
31216667.000000; 2.34; 1.72; 179.04
31233334.000000; 2.34; 1.72; 179.04
31250000.000000; 2.34; 1.72; 179.02
31258334.000000; 2.34; 1.72; 179.03
31283334.000000; 2.34; 1.72; 179.04
31300000.000000; 2.34; 1.72; 179.04
31316667.000000; 2.34; 1.72; 179.05
31333334.000000; 2.34; 1.72; 179.03
31341667.000000; 2.34; 1.72; 179.03
31358334.000000; 2.34; 1.72; 179.04
31375000.000000; 2.34; 1.72; 179.04
31391667.000000; 2.34; 1.72; 179.04
31408334.000000; 2.34; 1.72; 179.03
31425000.000000; 2.34; 1.72; 179.03
31441667.000000; 2.34; 1.72; 179.03
31458334.000000; 2.34; 1.72; 179.03
31475000.000000; 2.34; 1.72; 179.03
31491667.000000; 2.34; 1.72; 179.03
31508334.000000; 2.34; 1.72; 179.04
31525000.000000; 2.34; 1.72; 179.03
31533334.000000; 2.34; 1.72; 179.04
31550000.000000; 2.34; 1.72; 179.00
31566667.000000; 2.34; 1.72; 179.00
31583334.000000; 2.34; 1.72; 179.00
31600000.000000; 2.34; 1.72; 179.01
31616667.000000; 2.34; 1.72; 179.00
31633334.000000; 2.34; 1.72; 179.00
31650000.000000; 2.34; 1.72; 179.01
31666667.000000; 2.34; 1.72; 179.01
31683334.000000; 2.34; 1.72; 179.01
31700000.000000; 2.34; 1.72; 179.01
31716667.000000; 2.34; 1.72; 179.00
31733334.000000; 2.34; 1.72; 179.00
31741667.000000; 2.34; 1.72; 179.00
31758334.000000; 2.34; 1.72; 179.01
31775000.000000; 2.34; 1.72; 179.00
31791667.000000; 2.34; 1.72; 179.01
31808334.000000; 2.34; 1.72; 179.01
31825000.000000; 2.34; 1.72; 179.00
31833334.000000; 2.34; 1.72; 179.00
31858334.000000; 2.34; 1.72; 179.01
31875000.000000; 2.34; 1.72; 179.01
31891667.000000; 2.34; 1.72; 179.04
31908334.000000; 2.34; 1.72; 179.04
31925000.000000; 2.34; 1.72; 179.02
31933334.000000; 2.34; 1.72; 179.03
31950000.000000; 2.34; 1.72; 179.05
31966667.000000; 2.34; 1.72; 179.05
31983334.000000; 2.34; 1.72; 179.04
32000000.000000; 2.34; 1.72; 179.05
32016667.000000; 2.34; 1.72; 179.24
32033334.000000; 2.34; 1.72; 179.03
32050000.000000; 2.34; 1.72; 179.24
32066667.000000; 2.34; 1.72; 179.03
32083334.000000; 2.34; 1.72; 179.05
32100000.000000; 2.34; 1.72; 179.04
32116667.000000; 2.34; 1.72; 179.04
32133334.000000; 2.34; 1.72; 179.04
32141667.000000; 2.34; 1.72; 179.04
32158334.000000; 2.34; 1.72; 179.04
32175000.000000; 2.34; 1.72; 179.03
32191667.000000; 2.34; 1.72; 179.04
32208334.000000; 2.34; 1.72; 179.03
32225000.000000; 2.34; 1.72; 179.04
32241667.000000; 2.34; 1.72; 179.04
32258334.000000; 2.34; 1.72; 179.23
32275000.000000; 2.34; 1.72; 179.04
32291667.000000; 2.34; 1.72; 179.04
32308334.000000; 2.34; 1.72; 179.04
32325000.000000; 2.34; 1.72; 179.03
32333334.000000; 2.34; 1.72; 179.04
32350000.000000; 2.34; 1.72; 179.04
32366667.000000; 2.34; 1.72; 179.04
32383334.000000; 2.34; 1.72; 179.04
32400000.000000; 2.34; 1.72; 179.05
32416667.000000; 2.34; 1.72; 179.03
32433334.000000; 2.34; 1.72; 179.04
32450000.000000; 2.34; 1.72; 179.04
32466667.000000; 2.34; 1.72; 179.05
32483334.000000; 2.34; 1.72; 179.04
32500000.000000; 2.34; 1.72; 179.03
32516667.000000; 2.34; 1.72; 179.03
32533334.000000; 2.34; 1.72; 179.03
32541667.000000; 2.34; 1.72; 179.03
32558334.000000; 2.34; 1.72; 179.04
32575000.000000; 2.34; 1.72; 179.04
32591667.000000; 2.34; 1.72; 179.02
32608334.000000; 2.34; 1.72; 179.04
32625000.000000; 2.34; 1.72; 179.03
32641667.000000; 2.34; 1.72; 179.03
32658334.000000; 2.34; 1.72; 179.05
32675000.000000; 2.34; 1.72; 179.04
32691667.000000; 2.34; 1.72; 179.03
32708334.000000; 2.34; 1.72; 179.04
32725000.000000; 2.34; 1.72; 179.02
32733334.000000; 2.34; 1.72; 179.04
32750000.000000; 2.34; 1.72; 179.04
32766667.000000; 2.34; 1.72; 179.03
32783334.000000; 2.34; 1.72; 179.04
32800000.000000; 2.34; 1.72; 179.04
32816667.000000; 2.34; 1.72; 179.04
32833334.000000; 2.34; 1.72; 179.04
32850000.000000; 2.34; 1.72; 179.03
32866667.000000; 2.34; 1.72; 179.03
32883334.000000; 2.34; 1.72; 179.04
32900000.000000; 2.34; 1.72; 179.03
32916667.000000; 2.34; 1.72; 179.04
32933334.000000; 2.34; 1.72; 179.03
32941667.000000; 2.34; 1.72; 179.03
32958334.000000; 2.34; 1.72; 179.03
32975000.000000; 2.34; 1.72; 179.04
32991667.000000; 2.34; 1.72; 179.03
33008334.000000; 2.34; 1.72; 179.02
33025000.000000; 2.34; 1.72; 179.04
33041667.000000; 2.34; 1.72; 179.03
33058334.000000; 2.34; 1.72; 179.03
33075000.000000; 2.34; 1.72; 179.04
33091667.000000; 2.34; 1.72; 179.04
33108334.000000; 2.34; 1.72; 179.03
33125000.000000; 2.34; 1.72; 179.04
33133334.000000; 2.34; 1.72; 179.05
33150000.000000; 2.34; 1.72; 179.04
33166667.000000; 2.34; 1.72; 179.04
33183334.000000; 2.34; 1.72; 179.03
33200000.000000; 2.34; 1.72; 179.04
33216667.000000; 2.34; 1.72; 179.04
33233334.000000; 2.34; 1.72; 179.05
33250000.000000; 2.34; 1.72; 179.03
33266667.000000; 2.34; 1.72; 179.03
33283334.000000; 2.34; 1.72; 179.03
33300000.000000; 2.34; 1.72; 179.04
33316667.000000; 2.34; 1.72; 179.03
33333334.000000; 2.34; 1.72; 179.03
33341667.000000; 2.34; 1.72; 179.04
33358334.000000; 2.34; 1.72; 179.04
33375000.000000; 2.34; 1.72; 179.04
33391667.000000; 2.34; 1.72; 179.05
33408334.000000; 2.34; 1.72; 179.04
33425000.000000; 2.34; 1.72; 179.04
33441667.000000; 2.34; 1.72; 179.04
33458334.000000; 2.34; 1.72; 179.02
33475000.000000; 2.34; 1.72; 179.03
33491667.000000; 2.34; 1.72; 179.03
33508334.000000; 2.34; 1.72; 179.05
33525000.000000; 2.34; 1.72; 179.03
33533334.000000; 2.34; 1.72; 179.03
33550000.000000; 2.34; 1.72; 179.04
33566667.000000; 2.34; 1.72; 179.03
33583334.000000; 2.34; 1.72; 179.04
33600000.000000; 2.34; 1.72; 179.03
33616667.000000; 2.34; 1.72; 179.04
33633334.000000; 2.34; 1.72; 179.05
33650000.000000; 2.34; 1.72; 179.05
33666667.000000; 2.34; 1.72; 179.03
33683334.000000; 2.34; 1.72; 179.03
33700000.000000; 2.34; 1.72; 179.03
33716667.000000; 2.34; 1.72; 179.03
33733334.000000; 2.34; 1.72; 179.04
33741667.000000; 2.34; 1.72; 179.04
33758334.000000; 2.34; 1.72; 179.04
33775000.000000; 2.34; 1.72; 179.03
33791667.000000; 2.34; 1.72; 179.03
33808334.000000; 2.34; 1.72; 179.05
33825000.000000; 2.34; 1.72; 179.04
33841667.000000; 2.34; 1.72; 179.04
33858334.000000; 2.34; 1.72; 179.04
33875000.000000; 2.34; 1.72; 179.04
33891667.000000; 2.34; 1.72; 179.04
33908334.000000; 2.34; 1.72; 179.03
33925000.000000; 2.34; 1.72; 179.23
33933334.000000; 2.34; 1.72; 179.04
33950000.000000; 2.34; 1.72; 179.05
33966667.000000; 2.34; 1.72; 179.03
33983334.000000; 2.34; 1.72; 179.04
34000000.000000; 2.34; 1.72; 179.03
34016667.000000; 2.34; 1.72; 179.02
34033334.000000; 2.34; 1.72; 179.02
34050000.000000; 2.34; 1.72; 179.03
34066667.000000; 2.34; 1.72; 179.02
34083334.000000; 2.34; 1.72; 179.02
34100000.000000; 2.34; 1.72; 179.02
34116667.000000; 2.34; 1.72; 179.02
34133334.000000; 2.34; 1.72; 179.02
34141667.000000; 2.34; 1.72; 179.02
34158334.000000; 2.34; 1.72; 179.02
34175000.000000; 2.34; 1.72; 179.02
34191667.000000; 2.34; 1.72; 179.02
34208334.000000; 2.34; 1.72; 179.02
34225000.000000; 2.34; 1.72; 179.02
34241667.000000; 2.34; 1.72; 179.01
34258334.000000; 2.34; 1.72; 179.02
34275000.000000; 2.34; 1.72; 179.03
34291667.000000; 2.34; 1.72; 179.03
