104333837.804000; -0.38; 1.69; -177.74
104348665.424000; -0.38; 1.69; -177.74
104366528.290000; -0.38; 1.69; -177.74
104387221.292000; -0.38; 1.69; -177.74
104396849.661000; -0.38; 1.69; -177.74
104413820.580000; -0.38; 1.69; -177.74
104428582.756000; -0.38; 1.69; -177.74
104446855.976000; -0.38; 1.69; -177.74
104460838.011000; -0.38; 1.69; -177.74
104478537.372000; -0.38; 1.69; -177.74
104493204.878000; -0.38; 1.69; -177.74
104510727.503000; -0.38; 1.69; -177.74
104524805.721000; -0.38; 1.69; -177.74
104541186.489000; -0.38; 1.69; -177.74
104557578.905000; -0.38; 1.69; -177.74
104572581.754000; -0.38; 1.69; -177.74
104590433.765000; -0.38; 1.69; -177.74
104605148.031000; -0.38; 1.69; -177.74
104620632.972000; -0.38; 1.69; -177.74
104650630.933000; -0.38; 1.69; -177.74
104661567.127000; -0.38; 1.69; -177.74
104668681.807000; -0.38; 1.69; -177.74
104686202.717000; -0.38; 1.69; -177.74
104700657.171000; -0.38; 1.69; -177.74
104718164.704000; -0.38; 1.69; -177.74
104732604.335000; -0.38; 1.69; -177.74
104750279.062000; -0.38; 1.69; -177.74
104766219.705000; -0.38; 1.69; -177.74
104780600.080000; -0.38; 1.69; -177.74
104798452.000000; -0.38; 1.69; -177.74
104813409.100000; -0.38; 1.69; -177.74
104829974.826000; -0.38; 1.69; -177.74
104844604.523000; -0.38; 1.69; -177.74
104862480.061000; -0.38; 1.69; -177.74
104878513.715000; -0.38; 1.69; -177.74
104892606.919000; -0.38; 1.69; -177.74
104909430.187000; -0.38; 1.69; -177.74
104924538.165000; -0.38; 1.69; -177.74
104940947.356000; -0.38; 1.69; -177.74
104959892.997000; -0.38; 1.69; -177.74
104973400.654000; -0.38; 1.69; -177.74
104989450.180000; -0.38; 1.69; -177.74
105004554.484000; -0.38; 1.69; -177.74
105021915.253000; -0.38; 1.69; -177.74
105036568.771000; -0.38; 1.69; -177.74
105054240.046000; -0.38; 1.69; -177.74
105068704.396000; -0.38; 1.69; -177.74
105085928.119000; -0.38; 1.69; -177.74
105101883.787000; -0.38; 1.69; -177.74
105118148.750000; -0.38; 1.69; -177.74
105132611.425000; -0.38; 1.69; -177.74
105149285.895000; -0.38; 1.69; -177.74
105164548.740000; -0.38; 1.69; -177.74
105181335.064000; -0.38; 1.69; -177.74
105196530.776000; -0.38; 1.69; -177.74
105213849.044000; -0.38; 1.69; -177.74
105229705.086000; -0.38; 1.69; -177.74
105244625.444000; -0.38; 1.69; -177.74
105261583.091000; -0.38; 1.69; -177.74
105277144.924000; -0.38; 1.69; -177.74
105293893.533000; -0.38; 1.69; -177.74
105308840.324000; -0.38; 1.69; -177.74
105326582.130000; -0.38; 1.69; -177.74
105341839.493000; -0.38; 1.69; -177.74
105357158.708000; -0.38; 1.69; -177.74
105380420.479000; -0.38; 1.69; -177.74
105388534.823000; -0.38; 1.69; -177.74
105404950.231000; -0.38; 1.69; -177.74
105420542.806000; -0.38; 1.69; -177.74
105436794.637000; -0.38; 1.69; -177.74
105455443.854000; -0.38; 1.69; -177.74
105468586.554000; -0.38; 1.69; -177.74
105484994.533000; -0.38; 1.69; -177.74
105500590.932000; -0.38; 1.69; -177.74
105517102.491000; -0.38; 1.69; -177.74
105534889.831000; -0.38; 1.69; -177.74
105548537.959000; -0.38; 1.69; -177.74
105566018.382000; -0.38; 1.69; -177.74
105580567.766000; -0.38; 1.69; -177.74
105597126.257000; -0.38; 1.69; -177.74
105615075.384000; -0.38; 1.69; -177.74
105631570.892000; -0.38; 1.69; -177.74
105644566.929000; -0.38; 1.69; -177.74
105660872.476000; -0.38; 1.69; -177.74
105676570.620000; -0.38; 1.69; -177.74
105694243.335000; -0.38; 1.69; -177.74
105709054.907000; -0.38; 1.69; -177.74
105724570.040000; -0.38; 1.69; -177.74
105741280.180000; -0.38; 1.69; -177.74
105756635.173000; -0.38; 1.69; -177.74
105773606.505000; -0.38; 1.69; -177.74
105789605.949000; -0.38; 1.69; -177.74
105807059.970000; -0.38; 1.69; -177.74
105820576.593000; -0.38; 1.69; -177.74
105836572.256000; -0.38; 1.69; -177.74
105853947.917000; -0.38; 1.69; -177.74
105868716.382000; -0.38; 1.69; -177.74
105886312.201000; -0.38; 1.69; -177.74
105900637.867000; -0.38; 1.69; -177.74
105918406.675000; -0.38; 1.69; -177.74
105933443.453000; -0.38; 1.69; -177.74
105948992.097000; -0.38; 1.69; -177.74
105965409.012000; -0.38; 1.69; -177.74
105983248.658000; -0.38; 1.69; -177.74
105997434.238000; -0.38; 1.69; -177.74
106014068.877000; -0.38; 1.69; -177.74
106028568.229000; -0.38; 1.69; -177.74
106045664.021000; -0.38; 1.69; -177.74
106062315.205000; -0.38; 1.69; -177.74
106076553.155000; -0.38; 1.69; -177.74
106092877.765000; -0.38; 1.69; -177.74
106110322.047000; -0.38; 1.69; -177.74
106124686.061000; -0.38; 1.69; -177.74
106140568.875000; -0.38; 1.69; -177.74
106158476.465000; -0.38; 1.69; -177.74
106175624.483000; -0.38; 1.69; -177.74
106189600.398000; -0.38; 1.69; -177.74
106204632.442000; -0.38; 1.69; -177.74
106222374.128000; -0.38; 1.69; -177.74
106236637.645000; -0.38; 1.69; -177.74
106253694.928000; -0.38; 1.69; -177.74
106268566.592000; -0.38; 1.69; -177.74
106286650.234000; -0.38; 1.69; -177.74
106300584.652000; -0.38; 1.69; -177.74
106318196.808000; -0.38; 1.69; -177.74
106332586.453000; -0.38; 1.69; -177.74
106350956.900000; -0.38; 1.69; -177.74
106365815.452000; -0.38; 1.69; -177.74
106382632.931000; -0.38; 1.69; -177.74
106396550.445000; -0.38; 1.69; -177.74
106419416.395000; -0.38; 1.69; -177.74
106429944.427000; -0.38; 1.69; -177.74
106444549.557000; -0.38; 1.69; -177.74
106460711.818000; -0.38; 1.69; -177.74
106476997.707000; -0.38; 1.69; -177.74
106492576.242000; -0.38; 1.69; -177.74
106509436.590000; -0.38; 1.69; -177.74
106524620.888000; -0.38; 1.69; -177.74
106541954.927000; -0.38; 1.69; -177.74
106556542.300000; -0.38; 1.69; -177.74
106573476.980000; -0.38; 1.69; -177.74
106590049.441000; -0.38; 1.69; -177.74
106610369.941000; -0.38; 1.69; -177.74
106622512.798000; -0.38; 1.69; -177.74
106638845.532000; -0.38; 1.69; -177.74
106652702.595000; -0.38; 1.69; -177.74
106669414.726000; -0.38; 1.69; -177.74
106686169.253000; -0.38; 1.69; -177.74
106702658.072000; -0.38; 1.69; -177.74
106716541.117000; -0.38; 1.69; -177.74
106733964.997000; -0.38; 1.69; -177.74
106767507.321000; -0.38; 1.69; -177.74
106781828.632000; -0.38; 1.69; -177.74
106798873.106000; -0.38; 1.69; -177.74
106813807.848000; -0.38; 1.69; -177.74
106830001.335000; -0.38; 1.69; -177.74
106845820.283000; -0.38; 1.69; -177.74
106861902.639000; -0.38; 1.69; -177.74
106877804.428000; -0.38; 1.69; -177.74
106895556.851000; -0.38; 1.69; -177.74
106909819.797000; -0.38; 1.69; -177.74
106926124.265000; -0.38; 1.69; -177.74
106943003.039000; -0.38; 1.69; -177.74
106960984.307000; -0.38; 1.69; -177.74
106973895.536000; -0.38; 1.69; -177.74
106991864.995000; -0.38; 1.69; -177.74
107005932.641000; -0.38; 1.69; -177.74
107021857.619000; -0.38; 1.69; -177.74
107038852.991000; -0.38; 1.69; -177.74
107056318.096000; -0.38; 1.69; -177.74
107071828.778000; -0.38; 1.69; -177.74
107086395.221000; -0.38; 1.69; -177.74
107101833.729000; -0.38; 1.69; -177.74
107117805.590000; -0.38; 1.69; -177.74
107135581.059000; -0.38; 1.69; -177.74
107150664.643000; -0.38; 1.69; -177.74
107166523.033000; -0.38; 1.69; -177.74
107181828.274000; -0.38; 1.69; -177.74
107199729.648000; -0.38; 1.69; -177.74
107213801.258000; -0.38; 1.69; -177.74
107231630.858000; -0.38; 1.69; -177.74
107246468.912000; -0.38; 1.69; -177.74
107263302.776000; -0.38; 1.69; -177.74
107279168.570000; -0.38; 1.69; -177.74
107295639.536000; -0.38; 1.69; -177.74
107309971.221000; -0.38; 1.69; -177.74
107327102.099000; -0.38; 1.69; -177.74
107342678.299000; -0.38; 1.69; -177.74
107359199.895000; -0.38; 1.69; -177.74
107373892.056000; -0.38; 1.69; -177.74
107390439.987000; -0.38; 1.69; -177.74
107407224.305000; -0.38; 1.69; -177.74
107423304.126000; -0.38; 1.69; -177.74
107437796.879000; -0.38; 1.69; -177.74
107455686.148000; -0.38; 1.69; -177.74
107469860.976000; -0.38; 1.69; -177.74
107486225.273000; -0.38; 1.69; -177.74
107503307.750000; -0.38; 1.69; -177.74
107517848.808000; -0.38; 1.69; -177.74
107534697.133000; -0.38; 1.69; -177.74
107551608.204000; -0.38; 1.69; -177.74
107566853.176000; -0.38; 1.69; -177.74
107583978.958000; -0.38; 1.69; -177.74
107598381.076000; -0.38; 1.69; -177.74
107615371.238000; -0.38; 1.69; -177.74
107629865.563000; -0.38; 1.69; -177.74
107659699.772000; -0.38; 1.69; -177.74
107664829.475000; -0.38; 1.69; -177.74
107678629.622000; -0.38; 1.69; -177.74
107694982.994000; -0.38; 1.69; -177.74
107711216.552000; -0.38; 1.69; -177.74
107725805.271000; -0.38; 1.69; -177.74
107743492.758000; -0.38; 1.69; -177.74
107760070.507000; -0.38; 1.69; -177.74
107774330.621000; -0.38; 1.69; -177.74
107791485.880000; -0.38; 1.69; -177.74
107807534.381000; -0.38; 1.69; -177.74
107822903.790000; -0.38; 1.69; -177.74
107839947.518000; -0.38; 1.69; -177.74
107853945.900000; -0.38; 1.69; -177.74
107870856.785000; -0.38; 1.69; -177.74
107885942.609000; -0.38; 1.69; -177.74
107903965.624000; -0.38; 1.69; -177.74
107917975.018000; -0.38; 1.69; -177.74
107935717.836000; -0.38; 1.69; -177.74
107957508.731000; -0.38; 1.69; -177.74
107971239.466000; -0.38; 1.69; -177.74
107987012.347000; -0.38; 1.69; -177.74
107998023.278000; -0.38; 1.69; -177.74
108015751.030000; -0.38; 1.69; -177.74
108030575.505000; -0.38; 1.69; -177.74
108045811.671000; -0.38; 1.69; -177.74
108061862.811000; -0.38; 1.69; -177.74
108078072.595000; -0.38; 1.69; -177.74
108095517.347000; -0.38; 1.69; -177.74
108112197.982000; -0.38; 1.69; -177.74
108125834.949000; -0.38; 1.69; -177.74
108142885.623000; -0.38; 1.69; -177.74
108157913.978000; -0.38; 1.69; -177.74
108174800.681000; -0.38; 1.69; -177.74
108190049.309000; -0.38; 1.69; -177.74
108207469.376000; -0.38; 1.69; -177.74
108223652.332000; -0.38; 1.69; -177.74
108238428.591000; -0.38; 1.69; -177.74
108258050.357000; -0.38; 1.69; -177.74
108271075.739000; -0.38; 1.69; -177.74
108288034.685000; -0.38; 1.69; -177.74
108302162.974000; -0.38; 1.69; -177.74
108318922.748000; -0.38; 1.69; -177.74
108340026.856000; -0.38; 1.69; -177.74
108349923.202000; -0.38; 1.69; -177.74
108366974.062000; -0.38; 1.69; -177.74
108388866.766000; -0.38; 1.69; -177.74
108429322.553000; -0.38; 1.69; -177.74
108458186.434000; -0.38; 1.69; -177.74
108472959.689000; -0.38; 1.69; -177.74
108489145.289000; -0.38; 1.69; -177.74
108505499.023000; -0.38; 1.69; -177.74
108522187.251000; -0.38; 1.69; -177.74
108536948.897000; -0.38; 1.69; -177.74
108557719.049000; -0.38; 1.69; -177.74
108568956.487000; -0.38; 1.69; -177.74
108584957.633000; -0.38; 1.69; -177.74
108609098.678000; -0.38; 1.69; -177.74
108627096.729000; -0.38; 1.69; -177.74
108633683.904000; -0.38; 1.69; -177.74
108649948.909000; -0.38; 1.69; -177.74
108665018.395000; -0.38; 1.69; -177.74
108683392.435000; -0.38; 1.69; -177.74
108701960.101000; -0.38; 1.69; -177.74
108712945.953000; -0.38; 1.69; -177.74
108742036.685000; -0.38; 1.69; -177.74
108748969.195000; -0.38; 1.69; -177.74
108761048.609000; -0.38; 1.69; -177.74
108779029.879000; -0.38; 1.69; -177.74
108793401.956000; -0.38; 1.69; -177.74
108810399.022000; -0.38; 1.69; -177.74
108828040.490000; -0.38; 1.69; -177.74
108842432.724000; -0.38; 1.69; -177.74
108856977.899000; -0.38; 1.69; -177.74
108872945.504000; -0.38; 1.69; -177.74
108889932.957000; -0.38; 1.69; -177.74
108905040.051000; -0.38; 1.69; -177.74
108922505.444000; -0.38; 1.69; -177.74
108940582.857000; -0.38; 1.69; -177.74
108956050.743000; -0.38; 1.69; -177.74
108969694.694000; -0.38; 1.69; -177.74
108984913.124000; -0.38; 1.69; -177.74
109001472.242000; -0.38; 1.69; -177.74
109017022.381000; -0.38; 1.69; -177.74
109032960.925000; -0.38; 1.69; -177.74
109050393.253000; -0.38; 1.69; -177.74
109067012.448000; -0.38; 1.69; -177.74
109080944.761000; -0.38; 1.69; -177.74
109097709.847000; -0.38; 1.69; -177.74
109113365.100000; -0.38; 1.69; -177.74
109131073.474000; -0.38; 1.69; -177.74
109144965.923000; -0.38; 1.69; -177.74
109163070.205000; -0.38; 1.69; -177.74
109177001.627000; -0.38; 1.69; -177.74
109193908.231000; -0.38; 1.69; -177.74
109209103.515000; -0.38; 1.69; -177.74
109226652.057000; -0.38; 1.69; -177.74
109240944.161000; -0.38; 1.69; -177.74
109256940.863000; -0.38; 1.69; -177.74
109273812.798000; -0.38; 1.69; -177.74
109289678.657000; -0.38; 1.69; -177.74
109306377.622000; -0.38; 1.69; -177.74
109323393.260000; -0.38; 1.69; -177.74
109339318.657000; -0.38; 1.69; -177.74
109353310.561000; -0.38; 1.69; -177.74
109370651.002000; -0.38; 1.69; -177.74
109385410.677000; -0.38; 1.69; -177.74
109403047.052000; -0.38; 1.69; -177.74
109416981.872000; -0.38; 1.69; -177.74
109433969.250000; -0.38; 1.69; -177.74
109451174.413000; -0.38; 1.69; -177.74
109464919.437000; -0.38; 1.69; -177.74
109482401.559000; -0.38; 1.69; -177.74
109496931.070000; -0.38; 1.69; -177.74
109515098.292000; -0.38; 1.69; -177.74
109528950.092000; -0.38; 1.69; -177.74
109546040.435000; -0.38; 1.69; -177.74
109561044.354000; -0.38; 1.69; -177.74
109577690.124000; -0.38; 1.69; -177.74
109594232.791000; -0.38; 1.69; -177.74
109610442.123000; -0.38; 1.69; -177.74
109625881.430000; -0.38; 1.69; -177.74
109641106.397000; -0.38; 1.69; -177.74
109658158.892000; -0.38; 1.69; -177.74
109675031.096000; -0.38; 1.69; -177.74
109689138.760000; -0.38; 1.69; -177.74
109705011.280000; -0.38; 1.69; -177.74
109722013.324000; -0.38; 1.69; -177.74
109736987.998000; -0.38; 1.69; -177.74
109755031.141000; -0.38; 1.69; -177.74
109769767.686000; -0.38; 1.69; -177.74
109786464.812000; -0.38; 1.69; -177.74
109802339.042000; -0.38; 1.69; -177.74
109818835.842000; -0.38; 1.69; -177.74
109832971.977000; -0.38; 1.69; -177.74
109849155.162000; -0.38; 1.69; -177.74
109866057.042000; -0.38; 1.69; -177.74
109882172.662000; -0.38; 1.69; -177.74
109898782.907000; -0.38; 1.69; -177.74
109912932.048000; -0.38; 1.69; -177.74
109929837.565000; -0.38; 1.69; -177.74
109946906.784000; -0.38; 1.69; -177.74
109961518.663000; -0.38; 1.69; -177.74
109978344.832000; -0.38; 1.69; -177.74
109994986.558000; -0.38; 1.69; -175.37
110010348.919000; -0.38; 1.69; -172.62
110024934.739000; -0.38; 1.69; -170.12
110040962.654000; -0.38; 1.69; -167.22
110058476.318000; -0.38; 1.69; -164.09
110075277.525000; -0.38; 1.69; -161.17
110088973.469000; -0.38; 1.69; -158.70
110106853.042000; -0.38; 1.69; -155.54
110120979.420000; -0.38; 1.69; -153.04
110138662.046000; -0.38; 1.69; -149.89
110153130.496000; -0.38; 1.69; -147.32
110169185.496000; -0.38; 1.69; -144.48
110186166.072000; -0.38; 1.69; -141.50
110202737.033000; -0.38; 1.69; -138.60
110217093.313000; -0.38; 1.69; -136.04
110233955.735000; -0.38; 1.69; -133.01
110250845.399000; -0.38; 1.69; -130.03
110264952.761000; -0.38; 1.69; -127.69
110280972.118000; -0.38; 1.69; -124.78
110297797.293000; -0.38; 1.69; -121.86
110315355.362000; -0.38; 1.69; -118.58
110329221.267000; -0.38; 1.69; -116.12
110346105.967000; -0.38; 1.69; -113.12
110360922.290000; -0.38; 1.69; -110.59
110378495.923000; -0.38; 1.69; -107.44
110392912.236000; -0.38; 1.69; -104.96
110408974.369000; -0.38; 1.69; -102.03
110425600.830000; -0.38; 1.69; -99.05
110440941.110000; -0.38; 1.69; -96.49
110457730.165000; -0.38; 1.69; -93.37
110473257.468000; -0.38; 1.69; -90.92
110497141.315000; -0.38; 1.69; -86.48
110513639.994000; -0.38; 1.69; -83.73
110520970.137000; -0.38; 1.69; -82.37
110538588.758000; -0.38; 1.69; -79.03
110555046.710000; -0.38; 1.69; -76.12
110569039.247000; -0.38; 1.69; -73.68
110586796.530000; -0.38; 1.69; -70.49
110601314.987000; -0.38; 1.69; -68.16
110618938.788000; -0.38; 1.69; -64.91
110634060.673000; -0.38; 1.69; -62.13
110650699.826000; -0.38; 1.69; -59.17
110664922.538000; -0.38; 1.69; -56.75
110683393.336000; -0.38; 1.69; -53.38
110698995.096000; -0.38; 1.69; -50.63
110714669.512000; -0.38; 1.69; -47.84
110728924.674000; -0.38; 1.69; -45.61
110748243.468000; -0.38; 1.69; -41.94
110765022.018000; -0.38; 1.69; -39.31
110778179.230000; -0.38; 1.69; -36.57
110793167.650000; -0.38; 1.69; -33.92
110809539.682000; -0.38; 1.69; -31.01
110825661.385000; -0.38; 1.69; -28.16
110841016.149000; -0.38; 1.69; -25.69
110863220.962000; -0.38; 1.69; -21.56
110875206.463000; -0.38; 1.69; -21.04
110889099.493000; -0.38; 1.69; -16.95
110907523.208000; -0.38; 1.69; -13.79
110921470.658000; -0.38; 1.69; -11.22
110938225.698000; -0.38; 1.69; -8.25
110955150.503000; -0.38; 1.69; -5.30
110969388.450000; -0.38; 1.69; -3.34
110989341.128000; -0.37; 1.69; -1.47
111002818.881000; -0.36; 1.69; -1.47
111018277.421000; -0.35; 1.69; -1.47
111035394.885000; -0.33; 1.69; -1.47
111048917.531000; -0.32; 1.69; -1.47
111066356.304000; -0.31; 1.69; -1.47
111080943.744000; -0.30; 1.69; -1.47
111096987.359000; -0.29; 1.69; -1.47
111113790.783000; -0.27; 1.69; -1.47
111130272.208000; -0.26; 1.69; -1.47
111145846.501000; -0.25; 1.69; -1.47
111162763.566000; -0.23; 1.68; -1.47
111177053.387000; -0.22; 1.68; -1.47
111194593.436000; -0.21; 1.68; -1.47
111208923.113000; -0.20; 1.68; -1.47
111225054.249000; -0.18; 1.68; -1.47
111240906.239000; -0.17; 1.68; -1.47
111258164.811000; -0.16; 1.68; -1.47
111272914.574000; -0.14; 1.68; -1.47
111290196.686000; -0.13; 1.68; -1.47
111306906.399000; -0.12; 1.68; -1.47
111321623.860000; -0.11; 1.68; -1.47
111337003.886000; -0.09; 1.68; -1.47
111354200.601000; -0.08; 1.68; -1.47
111368972.826000; -0.07; 1.68; -1.47
111386816.708000; -0.05; 1.68; -1.47
111403436.727000; -0.04; 1.68; -1.47
111417345.643000; -0.03; 1.68; -1.47
111432998.962000; -0.02; 1.68; -1.47
111450077.919000; -0.00; 1.68; -1.47
111467125.303000; 0.01; 1.68; -1.47
111495714.648000; 0.03; 1.68; -1.47
111504597.149000; 0.04; 1.68; -1.47
111512919.093000; 0.05; 1.68; -1.47
111530650.174000; 0.06; 1.68; -1.47
111545251.159000; 0.07; 1.68; -1.47
111560977.638000; 0.09; 1.68; -1.47
111578703.483000; 0.10; 1.68; -1.47
111592995.886000; 0.11; 1.68; -1.47
111610434.301000; 0.13; 1.68; -1.47
111626276.473000; 0.14; 1.68; -1.47
111641478.576000; 0.15; 1.68; -1.47
111656945.204000; 0.16; 1.67; -1.47
111673467.782000; 0.18; 1.67; -1.47
111689151.036000; 0.19; 1.67; -1.47
111705477.786000; 0.20; 1.67; -1.47
111723188.920000; 0.22; 1.67; -1.47
111737613.367000; 0.23; 1.67; -1.47
111754046.814000; 0.24; 1.67; -1.47
111771074.606000; 0.25; 1.67; -1.47
111785005.268000; 0.27; 1.67; -1.47
111802078.909000; 0.28; 1.67; -1.47
111817017.784000; 0.29; 1.67; -1.47
111832936.469000; 0.30; 1.67; -1.47
111849030.721000; 0.32; 1.67; -1.47
111864915.345000; 0.33; 1.67; -1.47
111881374.390000; 0.34; 1.67; -1.47
111896926.410000; 0.36; 1.67; -1.47
111914578.425000; 0.37; 1.67; -1.47
111929004.445000; 0.38; 1.67; -1.47
111945395.924000; 0.39; 1.67; -1.47
111960926.633000; 0.41; 1.67; -1.47
111978087.226000; 0.42; 1.67; -1.47
111995029.893000; 0.43; 1.67; -1.47
112008995.739000; 0.45; 1.67; -1.47
112026370.347000; 0.46; 1.67; -1.47
112040924.024000; 0.47; 1.67; -1.47
112058052.141000; 0.48; 1.67; -1.47
112072989.565000; 0.50; 1.67; -1.47
112089278.829000; 0.51; 1.67; -1.47
112106226.029000; 0.52; 1.67; -1.47
112121014.159000; 0.53; 1.67; -1.47
112137956.259000; 0.55; 1.66; -1.47
112153431.347000; 0.56; 1.66; -1.47
112170532.140000; 0.57; 1.66; -1.47
112185746.314000; 0.59; 1.66; -1.47
112202429.194000; 0.60; 1.66; -1.47
112216970.886000; 0.61; 1.66; -1.47
112232973.421000; 0.62; 1.66; -1.47
112249000.032000; 0.64; 1.66; -1.47
112265162.237000; 0.65; 1.66; -1.47
112281841.904000; 0.66; 1.66; -1.47
112298605.924000; 0.68; 1.66; -1.47
112313457.208000; 0.69; 1.66; -1.47
112329169.023000; 0.70; 1.66; -1.47
112346491.946000; 0.72; 1.66; -1.47
112360963.630000; 0.73; 1.66; -1.47
112377393.969000; 0.74; 1.66; -1.47
112394234.251000; 0.75; 1.66; -1.47
112410456.791000; 0.77; 1.66; -1.47
112425513.161000; 0.78; 1.66; -1.47
112440920.772000; 0.79; 1.66; -1.47
112458931.705000; 0.81; 1.66; -1.47
112473245.144000; 0.82; 1.66; -1.47
112488986.441000; 0.83; 1.66; -1.47
112505978.295000; 0.84; 1.66; -1.47
112521999.270000; 0.86; 1.66; -1.47
112542649.863000; 0.87; 1.66; -1.47
112553195.146000; 0.88; 1.66; -1.47
112569055.966000; 0.89; 1.66; -1.47
112586535.454000; 0.91; 1.66; -1.47
112603047.889000; 0.92; 1.66; -1.47
112617762.229000; 0.93; 1.65; -1.47
112634441.044000; 0.95; 1.65; -1.47
112648918.223000; 0.96; 1.65; -1.47
112665219.793000; 0.97; 1.65; -1.47
112684842.594000; 0.99; 1.65; -1.47
112698356.832000; 1.00; 1.65; -1.47
112715116.879000; 1.01; 1.65; -1.47
112729159.256000; 1.02; 1.65; -1.47
112746115.811000; 1.04; 1.65; -1.47
112761548.352000; 1.05; 1.65; -1.47
112777825.846000; 1.06; 1.65; -1.47
112793077.487000; 1.07; 1.65; -1.47
112808921.466000; 1.09; 1.65; -1.47
112826565.735000; 1.10; 1.65; -1.47
112840945.038000; 1.11; 1.65; -1.47
112857063.302000; 1.12; 1.65; -1.47
112874988.403000; 1.14; 1.65; -1.47
112890505.436000; 1.15; 1.65; -1.47
112905074.631000; 1.16; 1.65; -1.47
112921398.334000; 1.18; 1.65; -1.47
112937223.709000; 1.19; 1.65; -1.47
112953793.995000; 1.20; 1.65; -1.47
112971031.459000; 1.22; 1.65; -1.47
112988609.088000; 1.23; 1.65; -1.47
113000969.125000; 1.24; 1.65; -1.47
113017690.528000; 1.25; 1.65; -1.47
113034631.538000; 1.27; 1.65; -1.47
113050224.916000; 1.27; 1.65; -1.47
113065306.008000; 1.29; 1.65; -1.47
113083235.159000; 1.31; 1.65; -1.47
113097242.432000; 1.32; 1.65; -1.47
113114544.430000; 1.33; 1.64; -1.47
113129344.201000; 1.34; 1.64; -1.47
113146131.037000; 1.36; 1.64; -1.47
113160927.554000; 1.37; 1.64; -1.47
113176960.039000; 1.38; 1.64; -1.47
113193033.958000; 1.39; 1.64; -1.47
113209854.037000; 1.41; 1.64; -1.47
113224984.386000; 1.42; 1.64; -1.47
113240948.749000; 1.43; 1.64; -1.47
113257491.942000; 1.45; 1.64; -1.47
113277255.455000; 1.45; 1.64; -1.47
113290062.419000; 1.47; 1.64; -1.47
113306792.063000; 1.48; 1.64; -1.47
113323614.378000; 1.50; 1.64; -1.47
113337056.541000; 1.51; 1.64; -1.47
113353059.618000; 1.52; 1.64; -1.47
113369706.464000; 1.53; 1.64; -1.47
113386713.170000; 1.55; 1.64; -1.47
113402754.936000; 1.56; 1.64; -1.47
113416968.588000; 1.57; 1.64; -1.47
113433429.300000; 1.58; 1.64; -1.47
113450951.067000; 1.60; 1.64; -1.47
113467062.158000; 1.61; 1.64; -1.47
113480945.314000; 1.62; 1.64; -1.47
113496946.322000; 1.64; 1.64; -1.47
113516693.454000; 1.65; 1.64; -1.47
113529924.498000; 1.66; 1.64; -1.47
113545000.556000; 1.67; 1.64; -1.47
113561831.785000; 1.69; 1.64; -1.47
113579090.828000; 1.70; 1.64; -1.47
113593405.008000; 1.71; 1.63; -1.47
113610499.112000; 1.73; 1.63; -1.47
113627177.685000; 1.74; 1.63; -1.47
113642098.582000; 1.75; 1.63; -1.47
113657170.198000; 1.77; 1.63; -1.47
113673785.195000; 1.78; 1.63; -1.47
113689010.752000; 1.79; 1.63; -1.47
113706863.474000; 1.80; 1.63; -1.47
113722216.579000; 1.82; 1.63; -1.47
113737159.985000; 1.83; 1.63; -1.47
113753480.023000; 1.84; 1.63; -1.47
113768970.023000; 1.85; 1.63; -1.47
113786621.304000; 1.87; 1.63; -1.47
113801305.679000; 1.88; 1.63; -1.47
113818801.965000; 1.89; 1.63; -1.47
113836568.868000; 1.91; 1.63; -1.47
113850274.183000; 1.92; 1.63; -1.47
113866280.848000; 1.93; 1.63; -1.47
113880919.719000; 1.94; 1.63; -1.47
113897121.719000; 1.96; 1.63; -1.47
113914366.698000; 1.97; 1.63; -1.47
113928955.653000; 1.98; 1.63; -1.47
113944970.740000; 2.00; 1.63; -1.47
113961973.728000; 2.01; 1.63; -1.47
113977068.066000; 2.02; 1.63; -1.47
113992918.877000; 2.03; 1.63; -1.33
114008919.101000; 2.04; 1.63; -1.11
114026267.384000; 2.05; 1.63; -0.88
114041106.653000; 2.06; 1.63; -0.69
114058232.489000; 2.06; 1.63; -0.47
114073019.860000; 2.07; 1.63; -0.29
114088974.078000; 2.08; 1.63; -0.08
114104938.789000; 2.09; 1.63; 0.10
114121342.475000; 2.10; 1.63; 0.33
114138894.090000; 2.11; 1.63; 0.55
114153047.972000; 2.11; 1.63; 0.73
114169936.909000; 2.12; 1.63; 0.95
114184914.757000; 2.13; 1.63; 1.13
114201856.775000; 2.14; 1.63; 1.35
114218685.671000; 2.15; 1.63; 1.56
114233166.208000; 2.16; 1.63; 1.74
114249899.060000; 2.16; 1.63; 1.96
114265507.015000; 2.17; 1.63; 2.14
114282903.669000; 2.18; 1.63; 2.38
114296975.392000; 2.19; 1.63; 2.55
114312958.370000; 2.20; 1.63; 2.76
114331125.426000; 2.21; 1.63; 2.99
114346636.597000; 2.21; 1.63; 3.18
114361643.054000; 2.22; 1.63; 3.38
114378129.285000; 2.23; 1.63; 3.59
114392922.114000; 2.24; 1.63; 3.76
114410208.486000; 2.25; 1.63; 3.99
114424979.504000; 2.25; 1.63; 4.17
114441215.715000; 2.26; 1.63; 4.39
114458054.659000; 2.27; 1.63; 4.60
114473458.665000; 2.28; 1.63; 4.78
114489876.826000; 2.29; 1.64; 5.00
114507045.971000; 2.30; 1.64; 5.22
114521006.924000; 2.30; 1.64; 5.39
114538031.615000; 2.31; 1.64; 5.61
114555162.427000; 2.32; 1.64; 5.83
114574491.410000; 2.33; 1.64; 6.08
114592253.729000; 2.34; 1.64; 6.30
114610983.961000; 2.35; 1.64; 6.53
114617458.868000; 2.36; 1.64; 6.62
114632924.154000; 2.36; 1.64; 6.81
114649258.936000; 2.37; 1.64; 7.02
114665037.262000; 2.38; 1.64; 7.19
114681239.840000; 2.39; 1.65; 7.43
114697001.147000; 2.40; 1.65; 7.62
114715507.694000; 2.41; 1.65; 7.87
114728931.879000; 2.41; 1.65; 8.03
114746973.522000; 2.42; 1.65; 8.26
114762438.410000; 2.43; 1.65; 8.46
114776968.779000; 2.44; 1.65; 8.63
114794672.113000; 2.45; 1.65; 8.86
114808963.332000; 2.45; 1.66; 9.05
114825830.374000; 2.46; 1.66; 9.26
114841149.408000; 2.47; 1.66; 9.46
114864380.845000; 2.48; 1.66; 9.75
114872931.693000; 2.49; 1.66; 9.85
114890284.070000; 2.50; 1.66; 10.08
114907646.636000; 2.50; 1.66; 10.30
114921375.480000; 2.51; 1.67; 10.48
114938492.520000; 2.52; 1.67; 10.69
114954767.241000; 2.53; 1.67; 10.90
114970750.041000; 2.54; 1.67; 11.10
114985229.607000; 2.54; 1.67; 11.16
115002696.109000; 2.54; 1.67; 11.10
115017068.978000; 2.54; 1.67; 11.05
115032938.336000; 2.54; 1.67; 10.99
115048980.022000; 2.54; 1.67; 10.93
115065488.613000; 2.54; 1.67; 10.88
115083092.722000; 2.54; 1.67; 10.81
115097031.576000; 2.54; 1.67; 10.76
115114097.199000; 2.54; 1.67; 10.70
115129080.309000; 2.54; 1.67; 10.65
115146441.332000; 2.54; 1.67; 10.59
115160975.241000; 2.54; 1.67; 10.53
115176964.907000; 2.54; 1.67; 10.48
115192971.423000; 2.54; 1.67; 10.42
115210920.077000; 2.54; 1.67; 10.36
115225139.407000; 2.54; 1.67; 10.31
115240917.321000; 2.54; 1.67; 10.25
115256910.058000; 2.54; 1.67; 10.19
115272922.153000; 2.54; 1.67; 10.14
115288998.344000; 2.54; 1.67; 10.08
115305318.860000; 2.54; 1.67; 10.02
115322272.876000; 2.54; 1.67; 9.96
115339121.237000; 2.54; 1.67; 9.90
115354547.678000; 2.54; 1.67; 9.84
115368998.407000; 2.54; 1.67; 9.79
115386659.688000; 2.54; 1.67; 9.73
115400982.160000; 2.54; 1.67; 9.68
115418799.395000; 2.54; 1.67; 9.61
115432946.801000; 2.54; 1.67; 9.56
115450086.783000; 2.54; 1.67; 9.50
115464985.020000; 2.54; 1.67; 9.45
115481233.114000; 2.55; 1.67; 9.39
115496935.126000; 2.55; 1.67; 9.34
115513693.359000; 2.55; 1.67; 9.28
115530164.619000; 2.55; 1.67; 9.22
115545052.461000; 2.55; 1.67; 9.17
115561412.287000; 2.55; 1.67; 9.11
115579122.411000; 2.55; 1.67; 9.04
115593411.063000; 2.55; 1.67; 8.99
115608936.035000; 2.55; 1.67; 8.94
115626401.701000; 2.55; 1.67; 8.87
115642781.389000; 2.55; 1.67; 8.82
115656924.151000; 2.55; 1.67; 8.77
115674373.056000; 2.55; 1.67; 8.70
115690915.680000; 2.55; 1.67; 8.64
115704970.820000; 2.55; 1.67; 8.60
115720958.386000; 2.55; 1.67; 8.54
115738440.596000; 2.55; 1.67; 8.47
115752932.667000; 2.55; 1.67; 8.42
115769571.169000; 2.55; 1.67; 8.36
115786617.279000; 2.55; 1.67; 8.30
115801520.717000; 2.55; 1.67; 8.25
115818431.002000; 2.55; 1.67; 8.19
115833945.705000; 2.55; 1.67; 8.13
115849220.466000; 2.55; 1.67; 8.08
115867418.575000; 2.55; 1.67; 8.02
115880923.233000; 2.55; 1.67; 7.97
115897079.422000; 2.55; 1.67; 7.91
115912984.655000; 2.55; 1.67; 7.85
115929638.543000; 2.55; 1.67; 7.79
115946467.485000; 2.55; 1.67; 7.73
115960971.595000; 2.55; 1.67; 7.68
115977384.347000; 2.55; 1.67; 7.62
115995130.358000; 2.55; 1.67; 7.61
116009045.383000; 2.55; 1.67; 7.61
116026242.868000; 2.55; 1.67; 7.61
116042911.423000; 2.55; 1.67; 7.61
116056937.140000; 2.55; 1.67; 7.61
116075137.482000; 2.55; 1.67; 7.61
116088992.937000; 2.55; 1.67; 7.61
116106836.057000; 2.55; 1.67; 7.61
116120969.960000; 2.55; 1.67; 7.61
116137063.090000; 2.55; 1.67; 7.61
116153638.132000; 2.55; 1.67; 7.61
116170252.922000; 2.55; 1.67; 7.61
116186653.377000; 2.55; 1.67; 7.61
116201016.859000; 2.55; 1.67; 7.61
116218810.819000; 2.55; 1.67; 7.61
116233007.279000; 2.55; 1.67; 7.61
116249242.333000; 2.55; 1.67; 7.61
116266504.255000; 2.55; 1.67; 7.61
116281232.313000; 2.55; 1.67; 7.61
116297773.994000; 2.55; 1.67; 7.61
116314922.721000; 2.55; 1.67; 7.61
116328965.250000; 2.55; 1.67; 7.61
116346252.814000; 2.55; 1.67; 7.61
116361116.612000; 2.55; 1.67; 7.61
116377190.358000; 2.55; 1.67; 7.61
116392961.172000; 2.55; 1.67; 7.61
116408907.635000; 2.55; 1.67; 7.61
116425790.897000; 2.55; 1.67; 7.61
116443042.953000; 2.55; 1.67; 7.61
116456966.080000; 2.55; 1.67; 7.61
116473656.610000; 2.55; 1.67; 7.61
116488937.642000; 2.55; 1.67; 7.61
116506905.160000; 2.55; 1.67; 7.61
116520946.846000; 2.55; 1.67; 7.61
116537948.684000; 2.55; 1.67; 7.61
116560192.513000; 2.55; 1.67; 7.61
116570356.987000; 2.55; 1.67; 7.61
116584950.888000; 2.55; 1.67; 7.61
116601752.210000; 2.55; 1.67; 7.61
116618657.787000; 2.55; 1.67; 7.61
116632964.432000; 2.55; 1.67; 7.61
116649969.599000; 2.55; 1.67; 7.61
116665039.656000; 2.55; 1.67; 7.61
116684031.206000; 2.55; 1.67; 7.61
116696957.803000; 2.55; 1.67; 7.61
116713287.430000; 2.55; 1.67; 7.61
116728972.489000; 2.55; 1.67; 7.61
116745690.435000; 2.55; 1.67; 7.61
116761025.522000; 2.55; 1.67; 7.61
116779004.531000; 2.55; 1.67; 7.61
116805415.381000; 2.55; 1.67; 7.61
116808926.662000; 2.55; 1.67; 7.61
116824934.520000; 2.55; 1.67; 7.61
116841862.113000; 2.55; 1.67; 7.61
116857008.617000; 2.55; 1.67; 7.61
116873860.135000; 2.55; 1.67; 7.61
116907599.180000; 2.55; 1.67; 7.61
116921911.029000; 2.55; 1.67; 7.61
116937725.805000; 2.55; 1.67; 7.61
116954996.135000; 2.55; 1.67; 7.61
116971771.266000; 2.55; 1.67; 7.61
116985906.361000; 2.55; 1.67; 7.61
117003955.862000; 2.55; 1.67; 7.61
117018173.717000; 2.55; 1.67; 7.61
117042027.303000; 2.55; 1.67; 7.61
117049761.672000; 2.55; 1.67; 7.61
117067579.087000; 2.55; 1.67; 7.61
117081719.783000; 2.55; 1.67; 7.61
117099599.407000; 2.55; 1.67; 7.61
117114331.933000; 2.55; 1.67; 7.61
117132196.775000; 2.55; 1.67; 7.61
117145742.511000; 2.55; 1.67; 7.61
117161797.048000; 2.55; 1.67; 7.61
117179605.754000; 2.55; 1.67; 7.61
117193728.626000; 2.55; 1.67; 7.61
117210576.399000; 2.55; 1.67; 7.61
117225924.965000; 2.55; 1.67; 7.61
117242434.221000; 2.55; 1.67; 7.61
117259673.056000; 2.55; 1.67; 7.61
117273888.757000; 2.55; 1.67; 7.61
117290401.504000; 2.55; 1.67; 7.61
117306062.107000; 2.55; 1.67; 7.61
117323598.519000; 2.55; 1.67; 7.61
117339502.906000; 2.55; 1.67; 7.61
117354358.768000; 2.55; 1.67; 7.61
117371537.834000; 2.55; 1.67; 7.61
117385915.165000; 2.55; 1.67; 7.61
117403570.080000; 2.55; 1.67; 7.61
117417723.300000; 2.55; 1.67; 7.61
117434725.052000; 2.55; 1.67; 7.61
117449716.159000; 2.55; 1.67; 7.61
117466205.049000; 2.55; 1.67; 7.61
117483412.089000; 2.55; 1.67; 7.61
117497874.431000; 2.55; 1.67; 7.61
117514907.582000; 2.55; 1.67; 7.61
117531803.192000; 2.55; 1.67; 7.61
117546917.106000; 2.55; 1.67; 7.61
117561735.869000; 2.55; 1.67; 7.61
117577744.104000; 2.55; 1.67; 7.61
117595873.217000; 2.55; 1.67; 7.61
117609863.402000; 2.55; 1.67; 7.61
117627584.924000; 2.55; 1.67; 7.61
117641689.011000; 2.55; 1.67; 7.61
117659194.609000; 2.55; 1.67; 7.61
117673846.944000; 2.55; 1.67; 7.61
117690889.122000; 2.55; 1.67; 7.61
117705675.154000; 2.55; 1.67; 7.61
117722766.883000; 2.55; 1.67; 7.61
117741300.280000; 2.55; 1.67; 7.61
117756278.908000; 2.55; 1.67; 7.61
117770531.750000; 2.55; 1.67; 7.61
117793417.445000; 2.55; 1.67; 7.61
117804078.588000; 2.55; 1.67; 7.61
117818585.472000; 2.55; 1.67; 7.61
117835052.803000; 2.55; 1.67; 7.61
117849786.713000; 2.55; 1.67; 7.61
117866463.407000; 2.55; 1.67; 7.61
117883308.342000; 2.55; 1.67; 7.61
117897731.527000; 2.55; 1.67; 7.61
117914772.887000; 2.55; 1.67; 7.61
117929657.816000; 2.55; 1.67; 7.61
117946002.319000; 2.55; 1.67; 7.61
117961714.618000; 2.55; 1.67; 7.61
117981691.177000; 2.55; 1.67; 7.61
117993721.366000; 2.55; 1.67; 7.61
118010634.193000; 2.55; 1.67; 7.61
118025731.112000; 2.55; 1.67; 7.61
118041904.501000; 2.55; 1.67; 7.61
118059463.013000; 2.55; 1.67; 7.61
118073745.946000; 2.55; 1.67; 7.61
118089725.091000; 2.55; 1.67; 7.61
118107156.421000; 2.55; 1.67; 7.61
118121754.690000; 2.55; 1.67; 7.61
118137953.780000; 2.55; 1.67; 7.61
118153906.249000; 2.55; 1.67; 7.61
118171233.672000; 2.55; 1.67; 7.61
118185737.331000; 2.55; 1.67; 7.61
118202916.720000; 2.55; 1.67; 7.61
118220501.466000; 2.55; 1.67; 7.61
118233909.553000; 2.55; 1.67; 7.61
118250176.589000; 2.55; 1.67; 7.61
118267761.521000; 2.55; 1.67; 7.61
118282261.427000; 2.55; 1.67; 7.61
118299592.142000; 2.55; 1.67; 7.61
118313722.260000; 2.55; 1.67; 7.61
118329698.018000; 2.55; 1.67; 7.61
118348170.678000; 2.55; 1.67; 7.61
118361837.167000; 2.55; 1.67; 7.61
118378467.264000; 2.55; 1.67; 7.61
118395236.351000; 2.55; 1.67; 7.61
118409770.596000; 2.55; 1.67; 7.61
118426411.801000; 2.55; 1.67; 7.61
118443917.314000; 2.55; 1.67; 7.61
118457875.912000; 2.55; 1.67; 7.61
118473748.857000; 2.55; 1.67; 7.61
118490134.296000; 2.55; 1.67; 7.61
118506906.723000; 2.55; 1.67; 7.61
118521699.303000; 2.55; 1.67; 7.61
118539675.203000; 2.55; 1.67; 7.61
118557362.962000; 2.55; 1.67; 7.61
118569831.110000; 2.55; 1.67; 7.61
118590185.578000; 2.55; 1.67; 7.61
118603658.016000; 2.55; 1.67; 7.61
118621641.236000; 2.55; 1.67; 7.61
118635184.511000; 2.55; 1.67; 7.61
118652670.169000; 2.55; 1.67; 7.61
118666294.796000; 2.55; 1.67; 7.61
118684118.280000; 2.55; 1.67; 7.61
118697824.982000; 2.55; 1.67; 7.61
118715816.023000; 2.55; 1.67; 7.61
118730609.937000; 2.55; 1.67; 7.61
118747874.381000; 2.55; 1.67; 7.61
118762745.161000; 2.55; 1.67; 7.61
118779859.454000; 2.55; 1.67; 7.61
118794363.261000; 2.55; 1.67; 7.61
118809709.692000; 2.55; 1.67; 7.61
118825752.904000; 2.55; 1.67; 7.61
118842487.976000; 2.55; 1.67; 7.61
118857740.943000; 2.55; 1.67; 7.61
118875591.533000; 2.55; 1.67; 7.61
118889683.803000; 2.55; 1.67; 7.61
118907092.653000; 2.55; 1.67; 7.61
118923031.688000; 2.55; 1.67; 7.61
118937715.747000; 2.55; 1.67; 7.61
118954786.983000; 2.55; 1.67; 7.61
118969798.233000; 2.55; 1.67; 7.61
118990782.508000; 2.55; 1.67; 7.61
119003301.151000; 2.55; 1.67; 7.61
119019634.879000; 2.55; 1.67; 7.61
119034347.469000; 2.55; 1.67; 7.61
119051976.787000; 2.55; 1.67; 7.61
119066876.790000; 2.55; 1.67; 7.61
119083245.183000; 2.55; 1.67; 7.61
119098559.758000; 2.55; 1.67; 7.61
119114521.127000; 2.55; 1.67; 7.61
119131504.425000; 2.55; 1.67; 7.61
119145865.068000; 2.55; 1.67; 7.61
119163511.375000; 2.55; 1.67; 7.61
119178408.340000; 2.55; 1.67; 7.61
119193681.739000; 2.55; 1.67; 7.61
119210365.041000; 2.55; 1.67; 7.61
119225766.854000; 2.55; 1.67; 7.61
119242573.246000; 2.55; 1.67; 7.61
119259269.787000; 2.55; 1.67; 7.61
119273855.948000; 2.55; 1.67; 7.61
119289715.309000; 2.55; 1.67; 7.61
119307693.038000; 2.55; 1.67; 7.61
119321737.875000; 2.55; 1.67; 7.61
119337795.090000; 2.55; 1.67; 7.61
119355344.109000; 2.55; 1.67; 7.61
119369719.431000; 2.55; 1.67; 7.61
119386191.663000; 2.55; 1.67; 7.61
119401663.249000; 2.55; 1.67; 7.61
119417738.944000; 2.55; 1.67; 7.61
119434909.930000; 2.55; 1.67; 7.61
119449695.128000; 2.55; 1.67; 7.61
119466113.131000; 2.55; 1.67; 7.61
119483478.984000; 2.55; 1.67; 7.61
119499778.050000; 2.55; 1.67; 7.61
119514003.668000; 2.55; 1.67; 7.61
119530002.655000; 2.55; 1.67; 7.61
119546667.911000; 2.55; 1.67; 7.61
119563235.207000; 2.55; 1.67; 7.61
119577840.865000; 2.55; 1.67; 7.61
119593716.238000; 2.55; 1.67; 7.61
119609996.786000; 2.55; 1.67; 7.61
119627669.570000; 2.55; 1.67; 7.61
119642497.543000; 2.55; 1.67; 7.61
119659738.691000; 2.55; 1.67; 7.61
119675816.050000; 2.55; 1.67; 7.61
119689776.056000; 2.55; 1.67; 7.61
119707325.005000; 2.55; 1.67; 7.61
119721871.458000; 2.55; 1.67; 7.61
119738524.882000; 2.55; 1.67; 7.61
119753684.453000; 2.55; 1.67; 7.61
119770140.437000; 2.55; 1.67; 7.61
119786518.460000; 2.55; 1.67; 7.61
119802229.928000; 2.55; 1.67; 7.61
119819597.269000; 2.55; 1.67; 7.61
119833838.124000; 2.55; 1.67; 7.61
119850964.324000; 2.55; 1.67; 7.61
119865734.929000; 2.55; 1.67; 7.61
119882565.998000; 2.55; 1.67; 7.61
119899903.593000; 2.55; 1.67; 7.61
119913815.634000; 2.55; 1.67; 7.61
119930475.143000; 2.55; 1.67; 7.61
119946615.461000; 2.55; 1.67; 7.61
119963261.240000; 2.55; 1.67; 7.61
119982016.143000; 2.55; 1.67; 7.61
119993735.079000; 2.55; 1.67; 7.61
120009733.771000; 2.55; 1.67; 7.61
120027548.412000; 2.55; 1.67; 7.61
120042020.525000; 2.55; 1.67; 7.61
120059679.412000; 2.55; 1.67; 7.61
120073835.052000; 2.55; 1.67; 7.61
120090606.107000; 2.55; 1.67; 7.61
120106469.461000; 2.55; 1.67; 7.61
120123690.696000; 2.55; 1.67; 7.61
120137713.951000; 2.55; 1.67; 7.61
120153984.517000; 2.55; 1.67; 7.61
120170642.894000; 2.55; 1.67; 7.61
120187620.577000; 2.55; 1.67; 7.61
120203831.098000; 2.55; 1.67; 7.61
120217672.035000; 2.55; 1.67; 7.61
120235451.902000; 2.55; 1.67; 7.61
120249697.629000; 2.55; 1.67; 7.61
120268239.008000; 2.55; 1.67; 7.61
120281701.401000; 2.55; 1.67; 7.61
120297900.615000; 2.55; 1.67; 7.61
120315360.296000; 2.55; 1.67; 7.61
120329747.110000; 2.55; 1.67; 7.61
120345745.457000; 2.55; 1.67; 7.61
120361970.595000; 2.55; 1.67; 7.61
120380258.163000; 2.55; 1.67; 7.61
120394646.594000; 2.55; 1.67; 7.61
120410880.197000; 2.55; 1.67; 7.61
120427718.860000; 2.55; 1.67; 7.61
120441713.925000; 2.55; 1.67; 7.61
120463317.011000; 2.55; 1.67; 7.61
120474250.930000; 2.55; 1.67; 7.61
120489864.707000; 2.55; 1.67; 7.61
120506839.985000; 2.55; 1.67; 7.61
120521714.673000; 2.55; 1.67; 7.61
120538449.339000; 2.55; 1.67; 7.61
120555671.896000; 2.55; 1.67; 7.61
120569737.680000; 2.55; 1.67; 7.61
120606581.716000; 2.55; 1.67; 7.61
120611683.202000; 2.55; 1.67; 7.61
120618815.423000; 2.55; 1.67; 7.61
120633680.254000; 2.55; 1.67; 7.61
120651063.039000; 2.55; 1.67; 7.61
120665811.653000; 2.55; 1.67; 7.61
120681779.460000; 2.55; 1.67; 7.61
120699276.241000; 2.55; 1.67; 7.61
120713721.474000; 2.55; 1.67; 7.61
120729992.336000; 2.55; 1.67; 7.61
120747701.437000; 2.55; 1.67; 7.61
120762584.704000; 2.55; 1.67; 7.61
120777917.756000; 2.55; 1.67; 7.61
120794771.317000; 2.55; 1.67; 7.61
120809741.743000; 2.55; 1.67; 7.61
120825917.428000; 2.55; 1.67; 7.61
120843391.204000; 2.55; 1.67; 7.61
120857706.305000; 2.55; 1.67; 7.61
120874762.064000; 2.55; 1.67; 7.61
120892378.563000; 2.55; 1.67; 7.61
120905765.899000; 2.55; 1.67; 7.61
120923459.820000; 2.55; 1.67; 7.61
120937812.416000; 2.55; 1.67; 7.61
120953762.482000; 2.55; 1.67; 7.61
120969745.676000; 2.55; 1.67; 7.61
120987843.461000; 2.55; 1.67; 7.61
121002148.433000; 2.55; 1.67; 7.61
121019269.581000; 2.55; 1.67; 7.61
121033753.067000; 2.55; 1.67; 7.61
121050893.141000; 2.55; 1.67; 7.61
121076287.799000; 2.55; 1.67; 7.61
121082809.583000; 2.55; 1.67; 7.61
121099290.438000; 2.55; 1.67; 7.61
121114756.571000; 2.55; 1.67; 7.61
121129738.989000; 2.55; 1.67; 7.61
121145682.502000; 2.55; 1.67; 7.61
121162484.640000; 2.55; 1.67; 7.61
121177755.767000; 2.55; 1.67; 7.61
121194871.847000; 2.55; 1.67; 7.61
121211894.681000; 2.55; 1.67; 7.61
121226928.756000; 2.55; 1.67; 7.61
121243485.797000; 2.55; 1.67; 7.61
121257691.310000; 2.55; 1.67; 7.61
121274439.346000; 2.55; 1.67; 7.61
121291719.791000; 2.55; 1.67; 7.61
121306117.081000; 2.55; 1.67; 7.61
121323541.373000; 2.55; 1.67; 7.61
121338373.604000; 2.55; 1.67; 7.61
121355520.367000; 2.55; 1.67; 7.61
121369721.975000; 2.55; 1.67; 7.61
121387359.562000; 2.55; 1.67; 7.61
121401718.530000; 2.55; 1.67; 7.61
121420315.259000; 2.55; 1.67; 7.61
121435196.865000; 2.55; 1.67; 7.61
121449690.528000; 2.55; 1.67; 7.61
121466767.933000; 2.55; 1.67; 7.61
121483451.693000; 2.55; 1.67; 7.61
121497673.559000; 2.55; 1.67; 7.61
121513892.100000; 2.55; 1.67; 7.61
121532472.091000; 2.55; 1.67; 7.61
121545930.079000; 2.55; 1.67; 7.61
121561839.865000; 2.55; 1.67; 7.61
121579424.811000; 2.55; 1.67; 7.61
121594931.587000; 2.55; 1.67; 7.61
121609782.696000; 2.55; 1.67; 7.61
121626633.071000; 2.55; 1.67; 7.61
121645144.900000; 2.55; 1.67; 7.61
121658975.130000; 2.55; 1.67; 7.61
121673695.714000; 2.55; 1.67; 7.61
121691219.434000; 2.55; 1.67; 7.61
121705977.244000; 2.55; 1.67; 7.61
121722793.407000; 2.55; 1.67; 7.61
121737725.053000; 2.55; 1.67; 7.61
121754419.652000; 2.55; 1.67; 7.61
121771583.044000; 2.55; 1.67; 7.61
121785832.474000; 2.55; 1.67; 7.61
121803388.371000; 2.55; 1.67; 7.61
121818102.255000; 2.55; 1.67; 7.61
121834887.377000; 2.55; 1.67; 7.61
121849757.992000; 2.55; 1.67; 7.61
121867263.599000; 2.55; 1.67; 7.61
121883889.556000; 2.55; 1.67; 7.61
121897736.340000; 2.55; 1.67; 7.61
121913737.805000; 2.55; 1.67; 7.61
121931385.613000; 2.55; 1.67; 7.61
121945855.992000; 2.55; 1.67; 7.61
121962016.800000; 2.55; 1.67; 7.61
121979854.988000; 2.55; 1.67; 7.61
121993706.710000; 2.55; 1.67; 7.61
122009816.975000; 2.55; 1.67; 7.61
122027393.255000; 2.55; 1.67; 7.61
122041756.922000; 2.55; 1.67; 7.61
122057748.311000; 2.55; 1.67; 7.61
122073740.555000; 2.55; 1.67; 7.61
122089687.047000; 2.55; 1.67; 7.61
122106349.161000; 2.55; 1.67; 7.61
122122719.071000; 2.55; 1.67; 7.61
122137686.905000; 2.55; 1.67; 7.61
122153705.676000; 2.55; 1.67; 7.61
122171055.546000; 2.55; 1.67; 7.61
122185714.183000; 2.55; 1.67; 7.61
122202625.330000; 2.55; 1.67; 7.61
122219618.582000; 2.55; 1.67; 7.61
122233735.611000; 2.55; 1.67; 7.61
122250328.507000; 2.55; 1.67; 7.61
122267431.715000; 2.55; 1.67; 7.61
122281875.071000; 2.55; 1.67; 7.61
122299011.863000; 2.55; 1.67; 7.61
122313920.098000; 2.55; 1.67; 7.61
122332231.410000; 2.55; 1.67; 7.61
122346132.232000; 2.55; 1.67; 7.61
122362075.567000; 2.55; 1.67; 7.61
122378905.323000; 2.55; 1.67; 7.61
122393767.116000; 2.55; 1.67; 7.61
122410532.911000; 2.55; 1.67; 7.61
122427837.465000; 2.55; 1.67; 7.61
122444230.499000; 2.55; 1.67; 7.61
122457853.561000; 2.55; 1.67; 7.61
122484669.256000; 2.55; 1.67; 7.61
122495775.086000; 2.55; 1.67; 7.61
122512945.460000; 2.55; 1.67; 7.61
122522064.319000; 2.55; 1.67; 7.61
122538700.658000; 2.55; 1.67; 7.61
122553700.044000; 2.55; 1.67; 7.61
122570777.117000; 2.55; 1.67; 7.61
122588569.005000; 2.55; 1.67; 7.61
122622426.584000; 2.55; 1.67; 7.61
122639127.869000; 2.55; 1.67; 7.61
122652944.906000; 2.55; 1.67; 7.61
122670607.677000; 2.55; 1.67; 7.61
122684590.421000; 2.55; 1.67; 7.61
122701074.663000; 2.55; 1.67; 7.61
122717027.397000; 2.55; 1.67; 7.61
122733862.952000; 2.55; 1.67; 7.61
122751371.240000; 2.55; 1.67; 7.61
122764625.924000; 2.55; 1.67; 7.61
122783086.629000; 2.55; 1.67; 7.61
122796753.861000; 2.55; 1.67; 7.61
122812641.789000; 2.55; 1.67; 7.61
122828547.809000; 2.55; 1.67; 7.61
122855978.774000; 2.55; 1.67; 7.61
122860728.383000; 2.55; 1.67; 7.61
122877789.807000; 2.55; 1.67; 7.61
122892541.580000; 2.55; 1.67; 7.61
122908576.046000; 2.55; 1.67; 7.61
122924758.728000; 2.55; 1.67; 7.61
122942362.656000; 2.55; 1.67; 7.61
122958084.638000; 2.55; 1.67; 7.61
122974574.049000; 2.55; 1.67; 7.61
122989332.339000; 2.55; 1.67; 7.61
123005416.455000; 2.55; 1.67; 7.61
123023417.888000; 2.55; 1.67; 7.61
123037838.326000; 2.55; 1.67; 7.61
123052624.595000; 2.55; 1.67; 7.61
123069454.962000; 2.55; 1.67; 7.61
123091960.031000; 2.55; 1.67; 7.61
123102467.599000; 2.55; 1.67; 7.61
123116691.777000; 2.55; 1.67; 7.61
123133824.606000; 2.55; 1.67; 7.61
123149894.168000; 2.55; 1.67; 7.61
123164550.187000; 2.55; 1.67; 7.61
123181397.877000; 2.55; 1.67; 7.61
123196534.116000; 2.55; 1.67; 7.61
123212568.058000; 2.55; 1.67; 7.61
123229495.125000; 2.55; 1.67; 7.61
123244651.382000; 2.55; 1.67; 7.61
123261047.559000; 2.55; 1.67; 7.61
123278432.082000; 2.55; 1.67; 7.61
123293528.331000; 2.55; 1.67; 7.61
123308535.428000; 2.55; 1.67; 7.61
123324634.176000; 2.55; 1.67; 7.61
123340562.380000; 2.55; 1.67; 7.61
123358005.161000; 2.55; 1.67; 7.61
123374528.320000; 2.55; 1.67; 7.61
123389823.833000; 2.55; 1.67; 7.61
123404585.107000; 2.55; 1.67; 7.61
123421164.726000; 2.55; 1.67; 7.61
123436690.385000; 2.55; 1.67; 7.61
123452863.783000; 2.55; 1.67; 7.61
123471107.162000; 2.55; 1.67; 7.61
123485468.716000; 2.55; 1.67; 7.61
123500596.493000; 2.55; 1.67; 7.61
123525716.283000; 2.55; 1.67; 7.61
123532563.381000; 2.55; 1.67; 7.61
123551040.230000; 2.55; 1.67; 7.61
123572606.502000; 2.55; 1.67; 7.61
123580695.402000; 2.55; 1.67; 7.61
123597060.661000; 2.55; 1.67; 7.61
123614330.965000; 2.55; 1.67; 7.61
123628709.109000; 2.55; 1.67; 7.61
123647066.563000; 2.55; 1.67; 7.61
123662761.271000; 2.55; 1.67; 7.61
123676669.523000; 2.55; 1.67; 7.61
123694543.031000; 2.55; 1.67; 7.61
123708897.568000; 2.55; 1.67; 7.61
123725840.273000; 2.55; 1.67; 7.61
123741104.224000; 2.55; 1.67; 7.61
123758825.051000; 2.55; 1.67; 7.61
123773438.345000; 2.55; 1.67; 7.61
123790101.669000; 2.55; 1.67; 7.61
123807312.091000; 2.55; 1.67; 7.61
123820615.530000; 2.55; 1.67; 7.61
123836550.167000; 2.55; 1.67; 7.61
123852663.740000; 2.55; 1.67; 7.61
123869333.857000; 2.55; 1.67; 7.61
123884591.717000; 2.55; 1.67; 7.61
123902550.627000; 2.55; 1.67; 7.61
123916600.589000; 2.55; 1.67; 7.61
123936595.629000; 2.55; 1.67; 7.61
123949172.881000; 2.55; 1.67; 7.61
123966201.405000; 2.55; 1.67; 7.61
123986502.955000; 2.55; 1.67; 7.61
123997080.162000; 2.55; 1.67; 7.61
124014362.865000; 2.55; 1.67; 7.61
124029619.535000; 2.55; 1.67; 7.61
124046412.893000; 2.55; 1.67; 7.61
124060595.147000; 2.55; 1.67; 7.61
124077302.386000; 2.55; 1.67; 7.61
124092539.532000; 2.55; 1.67; 7.61
124108851.405000; 2.55; 1.67; 7.61
124126517.371000; 2.55; 1.67; 7.61
124140598.626000; 2.55; 1.67; 7.61
124157928.714000; 2.55; 1.67; 7.61
124174707.196000; 2.55; 1.67; 7.61
124191073.934000; 2.55; 1.67; 7.61
124204710.718000; 2.55; 1.67; 7.61
124222517.234000; 2.55; 1.67; 7.61
124236705.561000; 2.55; 1.67; 7.61
124254690.831000; 2.55; 1.67; 7.61
124268663.048000; 2.55; 1.67; 7.61
124284611.778000; 2.55; 1.67; 7.61
124301768.123000; 2.55; 1.67; 7.61
124317418.602000; 2.55; 1.67; 7.61
124332900.175000; 2.55; 1.67; 7.61
124349466.443000; 2.55; 1.67; 7.61
124364606.850000; 2.55; 1.67; 7.61
124381786.609000; 2.55; 1.67; 7.61
124398151.955000; 2.55; 1.67; 7.61
124412575.462000; 2.55; 1.67; 7.61
124429350.989000; 2.55; 1.67; 7.61
124446280.380000; 2.55; 1.67; 7.61
124460561.251000; 2.55; 1.67; 7.61
124476655.964000; 2.55; 1.67; 7.61
124493870.534000; 2.55; 1.67; 7.61
124508884.965000; 2.55; 1.67; 7.61
124526560.307000; 2.55; 1.67; 7.61
124541124.593000; 2.55; 1.67; 7.61
124561531.486000; 2.55; 1.67; 7.61
124572613.016000; 2.55; 1.67; 7.61
124590007.868000; 2.55; 1.67; 7.61
124606842.114000; 2.55; 1.67; 7.61
124621078.551000; 2.55; 1.67; 7.61
124638763.081000; 2.55; 1.67; 7.61
124652678.955000; 2.55; 1.67; 7.61
124669810.254000; 2.55; 1.67; 7.61
124685690.292000; 2.55; 1.67; 7.61
124700739.613000; 2.55; 1.67; 7.61
124717076.917000; 2.55; 1.67; 7.61
124733116.313000; 2.55; 1.67; 7.61
124749567.969000; 2.55; 1.67; 7.61
124764779.429000; 2.55; 1.67; 7.61
124781828.984000; 2.55; 1.67; 7.61
124798705.368000; 2.55; 1.67; 7.61
124812572.596000; 2.55; 1.67; 7.61
124829173.923000; 2.55; 1.67; 7.61
124846356.347000; 2.55; 1.67; 7.61
124860576.924000; 2.55; 1.67; 7.61
124877541.569000; 2.55; 1.67; 7.61
124892527.080000; 2.55; 1.67; 7.61
124909728.526000; 2.55; 1.67; 7.61
124927022.345000; 2.55; 1.67; 7.61
124954404.396000; 2.55; 1.67; 7.61
124964207.339000; 2.55; 1.67; 7.61
124973775.235000; 2.55; 1.67; 7.61
124989844.484000; 2.55; 1.67; 7.61
125004596.825000; 2.55; 1.67; 7.61
125020838.803000; 2.55; 1.67; 7.61
125037700.016000; 2.55; 1.67; 7.61
125052541.749000; 2.55; 1.67; 7.61
125068620.547000; 2.55; 1.67; 7.61
125084686.836000; 2.55; 1.67; 7.61
125101380.113000; 2.55; 1.67; 7.61
125118336.336000; 2.55; 1.67; 7.61
125132875.495000; 2.55; 1.67; 7.61
125148550.237000; 2.55; 1.67; 7.61
125164661.296000; 2.55; 1.67; 7.61
125180575.894000; 2.55; 1.67; 7.61
125196595.467000; 2.55; 1.67; 7.61
125213913.502000; 2.55; 1.67; 7.61
125228603.348000; 2.55; 1.67; 7.61
125245873.872000; 2.55; 1.67; 7.61
125260662.330000; 2.55; 1.67; 7.61
125276721.232000; 2.55; 1.67; 7.61
125294292.303000; 2.55; 1.67; 7.61
125310719.546000; 2.55; 1.67; 7.61
125324604.839000; 2.55; 1.67; 7.61
125342488.671000; 2.55; 1.67; 7.61
125356602.261000; 2.55; 1.67; 7.61
125373188.486000; 2.55; 1.67; 7.61
125390238.040000; 2.55; 1.67; 7.61
125404564.933000; 2.55; 1.67; 7.61
125421721.623000; 2.55; 1.67; 7.61
125438617.400000; 2.55; 1.67; 7.61
125452636.159000; 2.55; 1.67; 7.61
125470029.508000; 2.55; 1.67; 7.61
125484616.345000; 2.55; 1.67; 7.61
125502139.406000; 2.55; 1.67; 7.61
125516530.619000; 2.55; 1.67; 7.61
125535070.020000; 2.55; 1.67; 7.61
125548783.992000; 2.55; 1.67; 7.61
125566692.259000; 2.55; 1.67; 7.61
125580576.451000; 2.55; 1.67; 7.61
125598991.463000; 2.55; 1.67; 7.61
125612616.768000; 2.55; 1.67; 7.61
125629600.309000; 2.55; 1.67; 7.61
125646236.479000; 2.55; 1.67; 7.61
125660542.481000; 2.55; 1.67; 7.61
125676747.809000; 2.55; 1.67; 7.61
125694545.821000; 2.55; 1.67; 7.61
125708611.242000; 2.55; 1.67; 7.61
125725560.245000; 2.55; 1.67; 7.61
125740576.506000; 2.55; 1.67; 7.61
125756796.017000; 2.55; 1.67; 7.61
125773519.898000; 2.55; 1.67; 7.61
125790656.251000; 2.55; 1.67; 7.61
125805155.365000; 2.55; 1.67; 7.61
125820562.201000; 2.55; 1.67; 7.61
125838224.591000; 2.55; 1.67; 7.61
125852554.115000; 2.55; 1.67; 7.61
125869078.269000; 2.55; 1.67; 7.61
125885946.892000; 2.55; 1.67; 7.61
125900670.066000; 2.55; 1.67; 7.61
125916525.049000; 2.55; 1.67; 7.61
125934355.687000; 2.55; 1.67; 7.61
125950580.989000; 2.55; 1.67; 7.61
125965147.313000; 2.55; 1.67; 7.61
125982705.667000; 2.55; 1.67; 7.61
125996657.141000; 2.55; 1.67; 7.61
126013699.685000; 2.55; 1.67; 7.61
126028566.640000; 2.55; 1.67; 7.61
126045346.352000; 2.55; 1.67; 7.61
126062917.131000; 2.55; 1.67; 7.61
126076544.996000; 2.55; 1.67; 7.61
126094286.980000; 2.55; 1.67; 7.61
126108571.597000; 2.55; 1.67; 7.61
126125381.407000; 2.55; 1.67; 7.61
126142082.221000; 2.55; 1.67; 7.61
126156557.318000; 2.55; 1.67; 7.61
126174067.083000; 2.55; 1.67; 7.61
126188709.867000; 2.55; 1.67; 7.61
126204622.057000; 2.55; 1.67; 7.61
126221642.367000; 2.55; 1.67; 7.61
126236531.092000; 2.55; 1.67; 7.61
126253134.048000; 2.55; 1.67; 7.61
126268967.586000; 2.55; 1.67; 7.61
126285117.199000; 2.55; 1.67; 7.61
126301912.820000; 2.55; 1.67; 7.61
126318697.809000; 2.55; 1.67; 7.61
126332583.873000; 2.55; 1.67; 7.61
126349499.320000; 2.55; 1.67; 7.61
126366154.833000; 2.55; 1.67; 7.61
126381301.662000; 2.55; 1.67; 7.61
126396682.386000; 2.55; 1.67; 7.61
126413913.415000; 2.55; 1.67; 7.61
126430585.673000; 2.55; 1.67; 7.61
126447389.578000; 2.55; 1.67; 7.61
126460577.524000; 2.55; 1.67; 7.61
126476667.024000; 2.55; 1.67; 7.61
126492604.069000; 2.55; 1.67; 7.61
126509891.579000; 2.55; 1.67; 7.61
126524538.407000; 2.55; 1.67; 7.61
126540528.110000; 2.55; 1.67; 7.61
126557910.353000; 2.55; 1.67; 7.61
126572537.485000; 2.55; 1.67; 7.61
126591936.766000; 2.55; 1.67; 7.61
126605030.419000; 2.55; 1.67; 7.61
126622104.006000; 2.55; 1.67; 7.61
126636570.814000; 2.55; 1.67; 7.61
126654359.800000; 2.55; 1.67; 7.61
126668573.610000; 2.55; 1.67; 7.61
126685227.349000; 2.55; 1.67; 7.61
126703205.904000; 2.55; 1.67; 7.61
126718201.870000; 2.55; 1.67; 7.61
126732559.963000; 2.55; 1.67; 7.61
126749084.197000; 2.55; 1.67; 7.61
126765510.319000; 2.55; 1.67; 7.61
126780624.473000; 2.55; 1.67; 7.61
126796550.116000; 2.55; 1.67; 7.61
126813701.057000; 2.55; 1.67; 7.61
126830214.631000; 2.55; 1.67; 7.61
126844594.636000; 2.55; 1.67; 7.61
126862757.614000; 2.55; 1.67; 7.61
126876899.630000; 2.55; 1.67; 7.61
126892684.484000; 2.55; 1.67; 7.61
126908566.215000; 2.55; 1.67; 7.61
126924572.845000; 2.55; 1.67; 7.61
126942912.205000; 2.55; 1.67; 7.61
126963839.515000; 2.55; 1.67; 7.61
126972574.432000; 2.55; 1.67; 7.61
126988539.660000; 2.55; 1.67; 7.61
127005138.699000; 2.55; 1.67; 7.61
127020541.222000; 2.55; 1.67; 7.61
127037436.793000; 2.55; 1.67; 7.61
127054610.139000; 2.55; 1.67; 7.61
127074938.970000; 2.55; 1.67; 7.61
127085890.562000; 2.55; 1.67; 7.61
127100568.051000; 2.55; 1.67; 7.61
127116877.597000; 2.55; 1.67; 7.61
127133180.984000; 2.55; 1.67; 7.61
127148719.762000; 2.55; 1.67; 7.61
127164542.138000; 2.55; 1.67; 7.61
127184164.204000; 2.55; 1.67; 7.61
127198020.745000; 2.55; 1.67; 7.61
127212568.184000; 2.55; 1.67; 7.61
127229964.583000; 2.55; 1.67; 7.61
127244550.710000; 2.55; 1.67; 7.61
127261410.214000; 2.55; 1.67; 7.61
127278826.266000; 2.55; 1.67; 7.61
127292648.866000; 2.55; 1.67; 7.61
127308805.194000; 2.55; 1.67; 7.61
127329637.792000; 2.55; 1.67; 7.61
127342726.338000; 2.55; 1.67; 7.61
127358823.335000; 2.55; 1.67; 7.61
127372887.797000; 2.55; 1.67; 7.61
127389934.033000; 2.55; 1.67; 7.61
127405033.300000; 2.55; 1.67; 7.61
127421978.983000; 2.55; 1.67; 7.61
127436686.085000; 2.55; 1.67; 7.61
127453525.483000; 2.55; 1.67; 7.61
127468741.225000; 2.55; 1.67; 7.61
127486735.179000; 2.55; 1.67; 7.61
127500816.348000; 2.55; 1.67; 7.61
127522919.470000; 2.55; 1.67; 7.61
127532679.976000; 2.55; 1.67; 7.61
127549329.208000; 2.55; 1.67; 7.61
127567000.034000; 2.55; 1.67; 7.61
127580586.984000; 2.55; 1.67; 7.61
127597548.967000; 2.55; 1.67; 7.61
127613868.494000; 2.55; 1.67; 7.61
127628544.190000; 2.55; 1.67; 7.61
127644563.497000; 2.55; 1.67; 7.61
127661014.376000; 2.55; 1.67; 7.61
127678037.096000; 2.55; 1.67; 7.61
127693896.127000; 2.55; 1.67; 7.61
127708536.813000; 2.55; 1.67; 7.61
127726106.380000; 2.55; 1.67; 7.61
127740736.356000; 2.55; 1.67; 7.61
127756582.874000; 2.55; 1.67; 7.61
127774194.171000; 2.55; 1.67; 7.61
127788601.404000; 2.55; 1.67; 7.61
127806399.437000; 2.55; 1.67; 7.61
127820961.050000; 2.55; 1.67; 7.61
127836644.138000; 2.55; 1.67; 7.61
127852826.018000; 2.55; 1.67; 7.61
127869757.006000; 2.55; 1.67; 7.61
127886639.884000; 2.55; 1.67; 7.61
127901258.844000; 2.55; 1.67; 7.61
127916570.991000; 2.55; 1.67; 7.61
127934771.727000; 2.55; 1.67; 7.61
127948621.293000; 2.55; 1.67; 7.61
127964789.339000; 2.55; 1.67; 7.61
127981118.403000; 2.55; 1.67; 7.61
127997701.315000; 2.55; 1.67; 7.61
128012528.712000; 2.55; 1.67; 7.61
128030613.402000; 2.55; 1.67; 7.61
128046747.951000; 2.55; 1.67; 7.61
128062304.609000; 2.55; 1.67; 7.61
128076592.565000; 2.55; 1.67; 7.61
128094265.690000; 2.55; 1.67; 7.61
128108592.800000; 2.55; 1.67; 7.61
128128826.821000; 2.55; 1.67; 7.61
128143548.115000; 2.55; 1.67; 7.61
128158296.942000; 2.55; 1.67; 7.61
128173258.285000; 2.55; 1.67; 7.61
128189346.404000; 2.55; 1.67; 7.61
128204536.814000; 2.55; 1.67; 7.61
128221827.968000; 2.55; 1.67; 7.61
128238831.505000; 2.55; 1.67; 7.61
128253846.854000; 2.55; 1.67; 7.61
128268984.859000; 2.55; 1.67; 7.61
128285926.959000; 2.55; 1.67; 7.61
128302155.716000; 2.55; 1.67; 7.61
128318420.342000; 2.55; 1.67; 7.61
128333789.213000; 2.55; 1.67; 7.61
128350322.749000; 2.55; 1.67; 7.61
128366416.983000; 2.55; 1.67; 7.61
128383393.936000; 2.55; 1.67; 7.61
128396693.209000; 2.55; 1.67; 7.61
128413987.125000; 2.55; 1.67; 7.61
128430033.309000; 2.55; 1.67; 7.61
128445012.066000; 2.55; 1.67; 7.61
128461963.376000; 2.55; 1.67; 7.61
128479634.075000; 2.55; 1.67; 7.61
128494586.608000; 2.55; 1.67; 7.61
128508610.450000; 2.55; 1.67; 7.61
128524599.486000; 2.55; 1.67; 7.61
128542454.210000; 2.55; 1.67; 7.61
128556569.661000; 2.55; 1.67; 7.61
128573139.115000; 2.55; 1.67; 7.61
128594268.560000; 2.55; 1.67; 7.61
128604598.292000; 2.55; 1.67; 7.61
128621597.036000; 2.55; 1.67; 7.61
128636836.298000; 2.55; 1.67; 7.61
128653635.880000; 2.55; 1.67; 7.61
128670355.173000; 2.55; 1.67; 7.61
128687598.118000; 2.55; 1.67; 7.61
128701956.651000; 2.55; 1.67; 7.61
128717122.718000; 2.55; 1.67; 7.61
128733813.943000; 2.55; 1.67; 7.61
128748615.081000; 2.55; 1.67; 7.61
128772050.399000; 2.55; 1.67; 7.61
128781930.652000; 2.55; 1.67; 7.61
128797075.940000; 2.55; 1.67; 7.61
128824998.227000; 2.55; 1.67; 7.61
128831925.931000; 2.55; 1.67; 7.61
128844699.394000; 2.55; 1.67; 7.61
128860822.655000; 2.55; 1.67; 7.61
128878554.273000; 2.55; 1.67; 7.61
128894789.533000; 2.55; 1.67; 7.61
128909638.367000; 2.55; 1.67; 7.61
128924555.959000; 2.55; 1.67; 7.61
128940571.543000; 2.55; 1.67; 7.61
128957812.374000; 2.55; 1.67; 7.61
128974151.832000; 2.55; 1.67; 7.61
128991283.877000; 2.55; 1.67; 7.61
129005691.292000; 2.55; 1.67; 7.61
129022949.105000; 2.55; 1.67; 7.61
129037174.167000; 2.55; 1.67; 7.61
129052564.682000; 2.55; 1.67; 7.61
129068656.264000; 2.55; 1.67; 7.61
129089266.243000; 2.55; 1.67; 7.61
129100656.240000; 2.55; 1.67; 7.61
129116545.296000; 2.55; 1.67; 7.61
129134221.237000; 2.55; 1.67; 7.61
129150751.584000; 2.55; 1.67; 7.61
129164562.438000; 2.55; 1.67; 7.61
129180666.459000; 2.55; 1.67; 7.61
129197903.783000; 2.55; 1.67; 7.61
129212739.926000; 2.55; 1.67; 7.61
129229705.238000; 2.55; 1.67; 7.61
129245243.602000; 2.55; 1.67; 7.61
129262047.245000; 2.55; 1.67; 7.61
129277126.821000; 2.55; 1.67; 7.61
129293987.664000; 2.55; 1.67; 7.61
129308589.751000; 2.55; 1.67; 7.61
129337926.403000; 2.55; 1.67; 7.61
129358165.749000; 2.55; 1.67; 7.61
129374548.761000; 2.55; 1.67; 7.61
129391893.958000; 2.55; 1.67; 7.61
129406774.961000; 2.55; 1.67; 7.61
129423295.799000; 2.55; 1.67; 7.61
129439774.900000; 2.55; 1.67; 7.61
129456222.218000; 2.55; 1.67; 7.61
129470244.540000; 2.55; 1.67; 7.61
129486790.348000; 2.55; 1.67; 7.61
129504700.492000; 2.55; 1.67; 7.61
129518251.552000; 2.55; 1.67; 7.61
129534761.274000; 2.55; 1.67; 7.61
129550229.362000; 2.55; 1.67; 7.61
129567139.216000; 2.55; 1.67; 7.61
129582249.503000; 2.55; 1.67; 7.61
129600122.677000; 2.55; 1.67; 7.61
129614437.949000; 2.55; 1.67; 7.61
129631520.815000; 2.55; 1.67; 7.61
129646237.915000; 2.55; 1.67; 7.61
129664260.802000; 2.55; 1.67; 7.61
129678239.033000; 2.55; 1.67; 7.61
129695433.115000; 2.55; 1.67; 7.61
129711738.647000; 2.55; 1.67; 7.61
129726228.397000; 2.55; 1.67; 7.61
129742309.606000; 2.55; 1.67; 7.61
129759245.188000; 2.55; 1.67; 7.61
129774222.408000; 2.55; 1.67; 7.61
129791793.163000; 2.55; 1.67; 7.61
129806233.473000; 2.55; 1.67; 7.61
129823533.281000; 2.55; 1.67; 7.61
129838244.327000; 2.55; 1.67; 7.61
129854218.271000; 2.55; 1.67; 7.61
129871820.507000; 2.55; 1.67; 7.61
129886247.551000; 2.55; 1.67; 7.61
129902204.348000; 2.55; 1.67; 7.61
129919598.964000; 2.55; 1.67; 7.61
129936032.158000; 2.55; 1.67; 7.61
129950862.696000; 2.55; 1.67; 7.61
129968419.813000; 2.55; 1.67; 7.61
129984608.661000; 2.55; 1.67; 7.61
129998403.133000; 2.55; 1.67; 7.61
130014194.126000; 2.55; 1.67; 7.61
130032750.394000; 2.55; 1.67; 7.61
130046261.093000; 2.55; 1.67; 7.61
130063387.232000; 2.55; 1.67; 7.61
130079368.935000; 2.55; 1.67; 7.61
130095760.532000; 2.55; 1.67; 7.61
130110943.314000; 2.55; 1.67; 7.61
130127853.268000; 2.55; 1.67; 7.61
130142360.878000; 2.55; 1.67; 7.61
130158224.255000; 2.55; 1.67; 7.61
130176497.890000; 2.55; 1.67; 7.61
130190223.785000; 2.55; 1.67; 7.61
130207925.280000; 2.55; 1.67; 7.61
130222491.781000; 2.55; 1.67; 7.61
130239336.569000; 2.55; 1.67; 7.61
130254449.912000; 2.55; 1.67; 7.61
130272743.573000; 2.55; 1.67; 7.61
130286213.561000; 2.55; 1.67; 7.61
130304030.480000; 2.55; 1.67; 7.61
130318202.406000; 2.55; 1.67; 7.61
130334680.839000; 2.55; 1.67; 7.61
130351935.872000; 2.55; 1.67; 7.61
130366378.685000; 2.55; 1.67; 7.61
130383928.318000; 2.55; 1.67; 7.61
130398631.095000; 2.55; 1.67; 7.61
130414861.623000; 2.55; 1.67; 7.61
130431875.011000; 2.55; 1.67; 7.61
130446321.847000; 2.55; 1.67; 7.61
130463896.978000; 2.55; 1.67; 7.61
130480066.910000; 2.55; 1.67; 7.61
130494405.181000; 2.55; 1.67; 7.61
130510590.045000; 2.55; 1.67; 7.61
130527732.278000; 2.55; 1.67; 7.61
130542615.600000; 2.55; 1.67; 7.61
130558228.872000; 2.55; 1.67; 7.61
130576105.321000; 2.55; 1.67; 7.61
130590201.226000; 2.55; 1.67; 7.61
130607077.714000; 2.55; 1.67; 7.61
130624071.119000; 2.55; 1.67; 7.61
130638321.654000; 2.55; 1.67; 7.61
130656286.417000; 2.55; 1.67; 7.61
130670268.390000; 2.55; 1.67; 7.61
130687601.332000; 2.55; 1.67; 7.61
130702204.797000; 2.55; 1.67; 7.61
130718323.611000; 2.55; 1.67; 7.61
130734602.392000; 2.55; 1.67; 7.61
130750252.536000; 2.55; 1.67; 7.61
130766281.141000; 2.55; 1.67; 7.61
130784292.132000; 2.55; 1.67; 7.61
130811848.458000; 2.55; 1.67; 7.61
130815530.944000; 2.55; 1.67; 7.61
130830658.167000; 2.55; 1.67; 7.61
130848172.107000; 2.55; 1.67; 7.61
130862211.252000; 2.55; 1.67; 7.61
130878189.463000; 2.55; 1.67; 7.61
130895465.493000; 2.55; 1.67; 7.61
130910609.290000; 2.55; 1.67; 7.61
130927253.243000; 2.55; 1.67; 7.61
130942352.462000; 2.55; 1.67; 7.61
130958262.549000; 2.55; 1.67; 7.61
130977009.472000; 2.55; 1.67; 7.61
130990217.416000; 2.55; 1.67; 7.61
131007012.517000; 2.55; 1.67; 7.61
131022306.834000; 2.55; 1.67; 7.61
131038649.415000; 2.55; 1.67; 7.61
131078877.018000; 2.55; 1.67; 7.61
131094859.771000; 2.55; 1.67; 7.61
131112526.998000; 2.55; 1.67; 7.61
131126865.786000; 2.55; 1.67; 7.61
131144239.081000; 2.55; 1.67; 7.61
131158967.165000; 2.55; 1.67; 7.61
131175387.543000; 2.55; 1.67; 7.61
131191041.662000; 2.55; 1.67; 7.61
131206856.045000; 2.55; 1.67; 7.61
131222948.039000; 2.55; 1.67; 7.61
131241092.732000; 2.55; 1.67; 7.61
131255818.628000; 2.55; 1.67; 7.61
131271136.153000; 2.55; 1.67; 7.61
131287962.706000; 2.55; 1.67; 7.61
131312946.798000; 2.55; 1.67; 7.61
131319044.329000; 2.55; 1.67; 7.61
131336016.261000; 2.55; 1.67; 7.61
131352765.542000; 2.55; 1.67; 7.61
131367011.586000; 2.55; 1.67; 7.61
131384604.456000; 2.55; 1.67; 7.61
131398976.047000; 2.55; 1.67; 7.61
131416526.281000; 2.55; 1.67; 7.61
131431609.226000; 2.55; 1.67; 7.61
131446899.219000; 2.55; 1.67; 7.61
131462924.909000; 2.55; 1.67; 7.61
131481172.135000; 2.55; 1.67; 7.61
131495135.920000; 2.55; 1.67; 7.61
131511523.894000; 2.55; 1.67; 7.61
131527950.966000; 2.55; 1.67; 7.61
131545223.970000; 2.55; 1.67; 7.61
131561122.990000; 2.55; 1.67; 7.61
131575320.039000; 2.55; 1.67; 7.61
131591376.663000; 2.55; 1.67; 7.61
131607387.760000; 2.55; 1.67; 7.61
131623674.944000; 2.55; 1.67; 7.61
131638905.117000; 2.55; 1.67; 7.61
131655568.191000; 2.55; 1.67; 7.61
131671132.422000; 2.55; 1.67; 7.61
131688724.848000; 2.55; 1.67; 7.61
131704650.296000; 2.55; 1.67; 7.61
131719370.701000; 2.55; 1.67; 7.61
131734991.217000; 2.55; 1.67; 7.61
131752023.417000; 2.55; 1.67; 7.61
131767024.707000; 2.55; 1.67; 7.61
131783038.192000; 2.55; 1.67; 7.61
131798898.337000; 2.55; 1.67; 7.61
131816455.166000; 2.55; 1.67; 7.61
131833197.066000; 2.55; 1.67; 7.61
131846925.552000; 2.55; 1.67; 7.61
131865205.842000; 2.55; 1.67; 7.61
131878927.164000; 2.55; 1.67; 7.61
131895400.070000; 2.55; 1.67; 7.61
131910970.154000; 2.55; 1.67; 7.61
131929011.372000; 2.55; 1.67; 7.61
131944447.218000; 2.55; 1.67; 7.61
131961066.208000; 2.55; 1.67; 7.61
131976053.677000; 2.55; 1.67; 7.61
131991514.134000; 2.55; 1.67; 7.61
132008474.009000; 2.55; 1.67; 7.61
132022904.525000; 2.55; 1.67; 7.61
132038929.606000; 2.55; 1.67; 7.61
132055986.570000; 2.55; 1.67; 7.61
132070957.375000; 2.55; 1.67; 7.61
132087513.998000; 2.55; 1.67; 7.61
132104507.245000; 2.55; 1.67; 7.61
132120007.357000; 2.55; 1.67; 7.61
132136887.376000; 2.55; 1.67; 7.61
132151331.580000; 2.55; 1.67; 7.61
132168374.802000; 2.55; 1.67; 7.61
132182983.594000; 2.55; 1.67; 7.61
132201417.496000; 2.55; 1.67; 7.61
132214953.768000; 2.55; 1.67; 7.61
132234230.311000; 2.55; 1.67; 7.61
132248247.078000; 2.55; 1.67; 7.61
132262904.574000; 2.55; 1.67; 7.61
132280153.131000; 2.55; 1.67; 7.61
132295781.276000; 2.55; 1.67; 7.61
132312845.675000; 2.55; 1.67; 7.61
132326941.179000; 2.55; 1.67; 7.61
132343489.820000; 2.55; 1.67; 7.61
132359118.060000; 2.55; 1.67; 7.61
132376033.326000; 2.55; 1.67; 7.61
132391982.444000; 2.55; 1.67; 7.61
132407483.937000; 2.55; 1.67; 7.61
132422891.433000; 2.55; 1.67; 7.61
132439000.123000; 2.55; 1.67; 7.61
132456998.585000; 2.55; 1.67; 7.61
132470873.609000; 2.55; 1.67; 7.61
132488439.058000; 2.55; 1.67; 7.61
132503941.197000; 2.55; 1.67; 7.61
132519505.731000; 2.55; 1.67; 7.61
132534878.651000; 2.55; 1.67; 7.61
132551046.607000; 2.55; 1.67; 7.61
132567187.197000; 2.55; 1.67; 7.61
132584373.651000; 2.55; 1.67; 7.61
132601345.654000; 2.55; 1.67; 7.61
132615308.803000; 2.55; 1.67; 7.61
132631051.239000; 2.55; 1.67; 7.61
132648315.797000; 2.55; 1.67; 7.61
132663003.682000; 2.55; 1.67; 7.61
132679085.653000; 2.55; 1.67; 7.61
132695778.585000; 2.55; 1.67; 7.61
132710992.902000; 2.55; 1.67; 7.61
132729210.122000; 2.55; 1.67; 7.61
132742989.863000; 2.55; 1.67; 7.61
132763189.596000; 2.55; 1.67; 7.61
132780913.297000; 2.55; 1.67; 7.61
132790956.490000; 2.55; 1.67; 7.61
132808265.604000; 2.55; 1.67; 7.61
132824144.435000; 2.55; 1.67; 7.61
132841162.046000; 2.55; 1.67; 7.61
132855441.768000; 2.55; 1.67; 7.61
132871715.740000; 2.55; 1.67; 7.61
132886974.602000; 2.55; 1.67; 7.61
132904265.045000; 2.55; 1.67; 7.61
132918963.943000; 2.55; 1.67; 7.61
132935040.414000; 2.55; 1.67; 7.61
132950876.885000; 2.55; 1.67; 7.61
132967295.342000; 2.55; 1.67; 7.61
132982929.124000; 2.55; 1.67; 7.61
133000256.353000; 2.55; 1.67; 7.61
