Time; Serial.print output 
13429894.583002;  200.26; 16.78
13685922.316000;  200.26; 13.90
13926427.879002;  200.26; 10.90
14183419.537001;  200.26; 8.14
14437947.664001;  200.26; 6.19
14678957.660000;  200.26; 4.85
14934931.980000;  200.26; 3.48
15174921.452000;  200.26; 2.79
15429950.420000;  200.26; 2.10
15669942.176001;  200.26; 1.40
15925910.005001;  181.69; 2.47
16165892.077000;  162.58; 4.37
16421860.412001;  141.78; 5.18
16679123.867001;  121.83; 6.54
16917860.248001;  101.88; 7.90
17175511.715000;  81.92; 9.26
17413902.963001;  63.35; 9.97
17669910.898001;  46.71; 8.16
17909867.706001;  35.05; 6.36
18167512.065002;  26.17; 4.32
18423104.098001;  19.20; 1.50
18663017.407001;  14.76; 0.66
18918217.219002;  11.70; -0.14
19157857.127001;  8.64; -0.93
19413868.014000;  6.42; -1.18
19654455.444000;  4.74; -1.93
19911447.015001;  3.36; -1.29
20151082.451000;  2.52; -1.83
20407246.101000;  1.97; -0.65
20664379.730000;  1.13; -0.85
20901903.362001;  1.13; -0.85
21159231.293001;  1.13; -0.85
21398947.436001;  1.13; -0.50
21653919.375002;  0.29; -1.05
21893908.380001;  0.29; -1.05
22150575.707001;  0.29; -1.05
22405973.713001;  0.29; -1.05
22646618.664001;  0.29; -1.05
22902564.386000;  0.29; -1.05
23143500.299000;  0.29; -1.05
23397857.250000;  0.29; -1.05
23639047.694002;  0.29; -1.05
23894481.069000;  0.29; -1.05
24134140.127001;  0.29; -1.05
24389877.237001;  0.29; -1.05
24647821.358002;  0.29; -1.05
24885837.203001;  0.29; -1.05
25143010.762001;  0.29; -1.05
25384359.558001;  0.29; -1.05
25639839.247000;  205.78; 7.47
25878319.856001;  205.78; 17.43
26135437.799002;  205.78; 20.70
26390333.440001;  205.78; 19.14
26632703.210001;  206.49; 15.59
26886135.600002;  206.49; 12.10
27125922.842001;  206.49; 9.46
27384383.529001;  206.49; 6.91
27621929.901001;  206.49; 5.25
27879053.239000;  206.49; 3.89
28119760.631002;  206.49; 3.20
28374209.630001;  206.49; 2.17
28631570.847000;  206.49; 1.82
28869895.653000;  206.49; 1.12
29127473.043001;  185.96; 2.96
29365906.572001;  166.86; 3.41
29621893.589001;  146.33; 5.25
29861857.987001;  127.21; 7.11
30119317.254000;  107.39; 8.25
30373857.576002;  86.16; 9.37
30614227.808001;  67.04; 11.23
30869871.737001;  50.79; 8.56
31109865.399000;  38.06; 6.99
31365897.727001;  28.88; 4.78
31606140.472000;  21.83; 2.58
31863392.333002;  16.19; 0.75
32102647.657000;  12.67; -0.35
32357919.585001;  9.14; -1.10
32615132.743002;  7.03; -1.50
32853919.926001;  5.62; -1.18
33112116.945002;  3.51; -1.92
33349895.977001;  2.79; -0.88
33607322.615000;  2.09; -1.25
33848093.965002;  2.09; -1.25
34102564.017000;  0.68; -0.92
34357859.021000;  0.68; -0.92
34599791.287001;  0.68; -0.58
34855451.729002;  0.68; -0.58
35094832.242001;  0.68; -0.58
35351960.264000;  0.68; -0.23
35589898.560001;  0.68; -0.23
35847739.261000;  -0.02; -0.95
36085953.786001;  -0.02; -0.95
36342237.670000;  -0.02; -0.95
36597927.708000;  -0.02; -0.95
36840120.927002;  -0.02; -0.95
37093893.230001;  -0.02; -0.95
37345670.608002;  -0.02; -0.95
37590836.864000;  -0.02; -0.95
37829989.908001;  -0.02; -0.95
38088509.051001;  -0.02; -0.95
38341869.663002;  292.00; 16.62
38583983.143000;  292.00; 20.82
38839395.252001;  292.01; 19.08
39077979.590002;  292.01; 16.50
39334436.675001;  293.01; 13.02
39574717.188002;  293.01; 10.18
39830529.691000;  293.01; 7.69
40069944.128000;  293.01; 6.05
40327680.973001;  293.01; 4.37
40581983.607000;  293.01; 3.34
40822648.305000;  293.01; 2.65
41079538.275000;  293.01; 1.95
41318291.387001;  293.01; 1.61
41582434.393002;  271.99; 3.46
41814734.233002;  253.98; 5.34
42069911.014002;  233.97; 6.20
42326963.379000;  213.96; 8.07
42567537.496000;  194.95; 9.94
42821863.079002;  173.93; 11.79
43061904.622002;  154.93; 12.66
43317997.730000;  134.91; 14.53
43558383.844002;  115.90; 16.40
43816544.337002;  94.89; 18.26
44064914.195002;  75.88; 19.13
44312199.788000;  56.88; 17.90
44567915.144001;  41.89; 12.68
44807273.860001;  32.90; 8.58
45061894.373001;  24.92; 3.88
45302913.162001;  18.94; 1.51
45557960.318001;  14.95; -0.84
45797980.712002;  10.96; -1.87
46055422.795002;  8.97; -2.56
46309901.954000;  5.97; -3.25
46550052.715002;  4.98; -3.61
46806412.021000;  3.98; -2.95
47045913.876001;  2.98; -2.62
47303906.285000;  1.99; -3.29
47542136.885000;  1.99; -2.62
47800203.020000;  0.99; -2.28
48037871.795000;  0.99; -1.94
48295478.865000;  0.99; -1.60
48549909.061001;  -0.01; -1.26
48791683.298000;  -0.01; -0.92
49047705.983002;  -0.01; -0.92
49285946.132000;  -0.01; -0.57
49543932.237000;  -0.01; -0.57
49781879.269001;  -0.01; -0.57
50039687.141001;  -0.01; -0.23
50293857.838001;  -0.01; -0.23
50534299.103001;  -0.01; -0.23
50789862.040001;  -0.01; -0.23
51030533.447001;  -0.01; -0.23
51287477.590000;  -0.01; -0.23
51525874.010002;  -0.01; -0.23
51781862.950001;  -0.01; -0.23
52023347.504000;  -0.01; -0.23
52278032.092001;  -0.01; -0.23
52535521.220001;  -0.01; 0.12
52775129.331001;  -0.01; -0.23
53029888.946001;  -0.01; 0.12
53271656.023001;  -0.01; -0.23
53527575.509001;  -0.01; 0.12
53765913.711000;  203.65; -13.24
54022126.160000;  203.65; -19.82
54279249.708000;  202.94; -19.65
54519088.380001;  202.94; -17.36
54775215.373001;  202.94; -14.20
55013931.257000;  203.65; -10.54
55269886.304001;  203.65; -7.81
55509851.615002;  203.65; -5.87
55770568.783001;  204.36; -4.91
56006981.537001;  204.36; -3.54
56262619.450001;  204.36; -2.85
56517854.591000;  204.36; -2.16
56758179.416002;  204.36; -1.46
57015879.596001;  183.85; -2.24
57253915.306000;  166.18; -3.01
57509878.263000;  144.97; -4.50
57751069.457001;  125.88; -5.27
58006139.618000;  106.08; -6.75
58261887.534000;  84.88; -8.24
58502200.985001;  66.50; -9.72
58757926.244001;  48.82; -8.74
58999413.208000;  37.50; -5.97
59253932.172001;  27.60; -3.55
59495271.658001;  21.23; -2.18
59750965.451002;  15.57; -0.44
59990977.728001;  11.33; -0.46
60246047.848001;  9.20; 0.24
60502036.289001;  7.08; 0.94
60743780.094000;  4.96; 1.64
60997860.768000;  3.54; 1.30
61237857.301001;  2.84; 0.24
61494004.250000;  2.13; 0.95
61735097.534000;  2.13; 0.95
61991422.072001;  0.71; 0.60
62245834.696001;  0.71; 0.60
62485946.022001;  0.71; 0.60
62741940.401001;  0.71; 0.25
62981910.060001;  0.71; 0.25
63238502.488001;  0.00; 0.95
63478843.973000;  0.00; 0.95
63734720.131001;  0.00; 0.95
63975590.527000;  0.00; 0.95
64230142.733000;  0.00; 0.95
64485928.704002;  0.00; 0.95
64725928.135002;  0.00; 0.95
64982953.388000;  0.00; 0.95
65221862.896000;  0.00; 0.95
65479414.876001;  0.00; 0.95
65719135.632000;  0.00; 0.95
65973876.823000;  0.00; 0.95
66230385.707001;  0.00; 0.95
66469875.619001;  0.00; 0.95
66727339.255001;  0.00; 0.95
66965936.472000;  0.00; 0.95
67221909.311001;  0.00; 0.95
67463661.538000;  0.00; 0.95
67719082.247000;  0.00; 0.95
67957874.921999;  0.00; 0.95
68213906.713001;  0.00; 0.95
68469884.354000;  0.00; 0.95
68711428.763000;  0.00; 0.95
68966932.261000;  0.00; 0.95
69205832.241001;  0.00; 0.95
69461865.146000;  0.00; 0.95
69701866.248001;  0.00; 0.95
69958050.259001;  0.00; 0.95
70213862.790001;  0.00; 0.95
70454408.929001;  0.00; 0.95
70710312.072001;  0.00; 0.95
70949935.890001;  0.00; 0.95
