33588810.095000; 0.00; 0.00; 0.00
33609387.598000; 0.00; 0.00; 0.00
33630619.734000; 0.00; 0.00; 0.00
33646134.279000; 0.00; 0.00; 0.00
33661704.889000; 0.00; 0.00; 0.00
33682241.348000; 0.00; 0.00; 0.00
33687962.059000; 0.00; 0.00; 0.00
33702738.683000; 0.00; 0.00; 0.00
33719134.490000; 0.00; 0.00; 0.00
33734771.395000; 0.00; 0.00; 0.00
33755737.788000; 0.00; 0.00; 0.00
33772025.910000; 0.00; 0.00; 0.00
33787883.415000; 0.00; 0.00; 0.00
33808634.410000; 0.00; 0.00; 0.00
33811719.372000; 0.00; 0.00; 0.00
33834286.785000; 0.00; 0.00; 0.00
33845325.509000; 0.00; 0.00; 0.00
33864544.286000; 0.00; 0.00; 0.00
33881690.161000; 0.00; 0.00; 0.00
33892329.974000; 0.00; 0.00; 0.00
33912831.169000; 0.00; 0.00; 0.00
33931511.861000; 0.00; 0.00; 0.00
33941649.193000; 0.00; 0.00; 0.00
33961590.012000; 0.00; 0.00; 0.00
33974594.581000; 0.00; 0.00; 0.00
33987764.011000; 0.00; 0.00; 0.00
34005675.640000; 0.00; 0.00; 0.00
34027541.953000; 0.00; 0.00; 0.00
34037917.077000; 0.00; 0.00; 0.00
34051796.949000; 0.00; 0.00; 0.00
34073862.095000; 0.00; 0.00; 0.00
34094993.206000; 0.00; 0.00; 0.00
34105928.933000; 0.00; 0.00; 0.00
34117325.092000; 0.00; 0.00; 0.00
34138228.497000; 0.00; 0.00; 0.00
34148490.221000; 0.00; 0.00; 0.00
34169172.938000; 0.00; 0.00; 0.00
34180196.622000; 0.00; 0.00; 0.00
34198037.576000; 0.00; 0.00; 0.00
34217489.171000; 0.00; 0.00; 0.00
34228633.305000; 0.00; 0.00; 0.00
34249641.775000; 0.00; 0.00; 0.00
34263994.434000; 0.00; 0.00; 0.00
34275901.239000; 0.00; 0.00; 0.00
34301023.626000; 0.00; 0.00; 0.00
34307785.369000; 0.00; 0.00; 0.00
34323767.028000; 0.00; 0.00; 0.00
34339766.699000; 0.00; 0.00; 0.00
34355825.431000; 0.00; 0.00; 0.00
34371999.542000; 0.00; 0.00; 0.00
34391203.998000; 0.00; 0.00; 0.00
34412032.790000; 0.00; 0.00; 0.00
34432617.852000; 0.00; 0.00; 0.00
34435724.695000; 0.00; 0.00; 0.00
34453788.376000; 0.00; 0.00; 0.00
34479689.023000; 0.00; 0.00; 0.00
34492940.277000; 0.00; 0.00; 0.00
34499819.349000; 0.00; 0.00; 0.00
34520303.522000; 0.00; 0.00; 0.00
34540749.673000; 0.00; 0.00; 0.00
34557480.035000; 0.00; 0.00; 0.00
34577765.879000; 0.00; 0.00; 0.00
34581483.901000; 0.00; 0.00; 0.00
34599490.988000; 0.00; 0.00; 0.00
34620442.738000; 0.00; 0.00; 0.00
34632071.356000; 0.00; 0.00; 0.00
34652825.852000; 0.00; 0.00; 0.00
34663436.621000; 0.00; 0.00; 0.00
34679404.693000; 0.00; 0.00; 0.00
34691793.916000; 0.00; 0.00; 0.00
34710773.185000; 0.00; 0.00; 0.00
34725463.327000; 0.00; 0.00; 0.00
34742998.363000; 0.00; 0.00; 0.00
34763950.146000; 0.00; 0.00; 0.00
34779558.590000; 0.00; 0.00; 0.00
34790161.796000; 0.00; 0.00; 0.00
34806800.988000; 0.00; 0.00; 0.00
34827369.408000; 0.00; 0.00; 0.00
34845512.736000; 0.00; 0.00; 0.00
34853349.674000; 0.00; 0.00; 0.00
34867866.421000; 0.00; 0.00; 0.00
34890161.781000; 0.00; 0.00; 0.00
34907145.456000; 0.00; 0.00; 0.00
34921917.868000; 0.00; 0.00; 0.00
34942962.526000; 0.00; 0.00; 0.00
34958470.390000; 0.00; 0.00; 0.00
34973787.628000; 0.00; 0.00; 0.00
34979996.896000; 0.00; 0.00; 0.00
35007236.659000; 0.00; 0.00; 0.00
35025574.204000; 0.00; 0.00; 0.00
35028188.865000; 0.00; 0.00; 0.00
35057752.031000; 0.00; 0.00; 0.00
35063393.552000; 0.00; 0.00; 0.00
35079425.911000; 0.00; 0.00; 0.00
35094734.532000; 0.00; 0.00; 0.00
35112905.886000; 0.00; 0.00; 0.00
35132800.639000; 0.00; 0.00; 0.00
35142498.313000; 0.00; 0.00; 0.00
35162450.147000; 0.00; 0.00; 0.00
35179859.008000; 0.00; 0.00; 0.00
35195085.586000; 0.00; 0.00; 0.00
35205755.744000; 0.00; 0.00; 0.00
35227791.152000; 0.00; 0.00; 0.00
35237469.516000; 0.00; 0.00; 0.00
35256333.956000; 0.00; 0.00; 0.00
35269006.501000; 0.00; 0.00; 0.00
35284222.416000; 0.00; 0.00; 0.00
35305599.276000; 0.00; 0.00; 0.00
35321463.606000; 0.00; 0.00; 0.00
35342997.961000; 0.00; 0.00; 0.00
35349169.526000; 0.00; 0.00; 0.00
35369793.165000; 0.00; 0.00; 0.00
35380280.813000; 0.00; 0.00; 0.00
35396255.746000; 0.00; 0.00; 0.00
35422379.027000; 0.00; 0.00; 0.00
35438421.570000; 0.00; 0.00; 0.00
35453587.490000; 0.00; 0.00; 0.00
35468974.217000; 0.00; 0.00; 0.00
35484167.956000; 0.00; 0.00; 0.00
35504861.435000; 0.00; 0.00; 0.00
35507800.327000; 0.00; 0.00; 0.00
35527244.795000; 0.00; 0.00; 0.00
35540994.791000; 0.00; 0.00; 0.00
35556383.109000; 0.00; 0.00; 0.00
35574516.526000; 0.00; 0.00; 0.00
35596315.552000; 0.00; 0.00; 0.00
35607175.793000; 0.00; 0.00; 0.00
35624773.437000; 0.00; 0.00; 0.00
35638458.881000; 0.00; 0.00; 0.00
35654726.655000; 0.00; 0.00; 0.00
35670104.087000; 0.00; 0.00; 0.00
35687187.503000; 0.00; 0.00; 0.00
35699850.536000; 0.00; 0.00; 0.00
35715785.053000; 0.00; 0.00; 0.00
35736116.093000; 0.00; 0.00; 0.00
35748979.261000; 0.00; 0.00; 0.00
35770563.697000; 0.00; 0.00; 0.00
35787498.918000; 0.00; 0.00; 0.00
35799108.780000; 0.00; 0.00; 0.00
35820472.381000; 0.00; 0.00; 0.00
35835816.168000; 0.00; 0.00; 0.00
35851616.785000; 0.00; 0.00; 0.00
35868203.183000; 0.00; 0.00; 0.00
35884019.866000; 0.00; 0.00; 0.00
35904689.568000; 0.00; 0.00; 0.00
35907720.928000; 0.00; 0.00; 0.00
35925560.835000; 0.00; 0.00; 0.00
35945764.428000; 0.00; 0.00; 0.00
35961217.452000; 0.00; 0.00; 0.00
35971787.971000; 0.00; 0.00; 0.00
35988821.230000; 0.00; 0.00; 0.00
36012834.921000; 0.00; 0.00; 1.73
36025189.562000; 0.01; 0.00; 2.94
36042187.922000; 0.01; 0.00; 4.16
36058372.704000; 0.01; 0.00; 5.59
36079725.491000; 0.02; 0.00; 7.52
36084764.270000; 0.02; 0.00; 8.19
36100980.044000; 0.02; 0.00; 9.42
36117370.113000; 0.02; 0.00; 11.26
36137352.887000; 0.03; 0.00; 12.69
36148522.838000; 0.03; 0.00; 14.09
36163764.850000; 0.03; 0.00; 15.09
36184420.393000; 0.04; 0.01; 17.01
36206131.319000; 0.04; 0.01; 18.94
36211887.130000; 0.04; 0.01; 19.57
36232865.311000; 0.05; 0.01; 21.63
36248296.229000; 0.05; 0.01; 22.73
36269243.337000; 0.05; 0.01; 24.58
36290026.161000; 0.06; 0.01; 26.46
36295134.160000; 0.06; 0.01; 27.11
36310795.882000; 0.06; 0.01; 28.34
36327527.285000; 0.06; 0.02; 29.84
36341071.229000; 0.07; 0.02; 31.25
36364492.143000; 0.07; 0.02; 33.17
36380260.853000; 0.07; 0.02; 34.57
36394547.117000; 0.08; 0.02; 36.05
36406451.822000; 0.08; 0.03; 37.19
36432353.293000; 0.08; 0.03; 39.28
36435748.067000; 0.08; 0.03; 39.91
36458105.587000; 0.08; 0.03; 41.56
36473054.993000; 0.09; 0.03; 43.03
36490157.910000; 0.09; 0.04; 44.45
36505285.251000; 0.09; 0.04; 46.13
36516937.906000; 0.09; 0.04; 47.06
36533681.084000; 0.10; 0.04; 48.72
36547765.665000; 0.10; 0.04; 49.77
36573257.744000; 0.10; 0.05; 51.98
36593921.199000; 0.10; 0.05; 53.84
36598022.009000; 0.10; 0.05; 54.41
36620334.005000; 0.11; 0.06; 56.21
36631619.737000; 0.11; 0.06; 57.54
36650965.543000; 0.11; 0.06; 58.97
36666011.094000; 0.11; 0.06; 60.32
36686841.567000; 0.11; 0.07; 62.25
36698065.764000; 0.11; 0.07; 63.55
36717072.158000; 0.12; 0.07; 65.04
36734192.119000; 0.12; 0.08; 66.41
36747467.274000; 0.12; 0.08; 67.83
36764624.672000; 0.12; 0.08; 69.19
36780126.646000; 0.12; 0.08; 70.85
36796714.497000; 0.12; 0.09; 71.99
36812181.208000; 0.12; 0.09; 73.47
36827755.973000; 0.12; 0.09; 74.87
36848285.524000; 0.12; 0.10; 76.72
36854216.720000; 0.13; 0.10; 77.35
36874900.750000; 0.13; 0.10; 79.10
36889941.772000; 0.13; 0.11; 80.51
36902081.658000; 0.13; 0.11; 81.82
36920686.483000; 0.13; 0.11; 83.40
36933343.822000; 0.13; 0.11; 84.59
36954748.116000; 0.13; 0.12; 86.32
36975347.880000; 0.13; 0.12; 88.15
36990983.190000; 0.13; 0.13; 89.56
37003960.636000; 0.13; 0.13; 90.26
37018062.040000; 0.13; 0.13; 90.35
37034907.176000; 0.13; 0.13; 90.53
37052665.053000; 0.13; 0.13; 90.67
37064911.281000; 0.13; 0.13; 90.77
37085469.389000; 0.13; 0.13; 90.97
37091823.564000; 0.13; 0.13; 91.01
37113823.502000; 0.13; 0.12; 91.22
37128132.604000; 0.13; 0.12; 91.32
37139824.309000; 0.13; 0.12; 91.45
37159801.373000; 0.13; 0.12; 91.59
37180552.739000; 0.13; 0.12; 91.77
37195317.359000; 0.13; 0.12; 91.91
37205705.448000; 0.13; 0.12; 92.02
37228190.889000; 0.13; 0.12; 92.22
37243343.283000; 0.13; 0.12; 92.32
37256364.673000; 0.13; 0.12; 92.46
37274072.852000; 0.13; 0.12; 92.60
37287300.475000; 0.13; 0.12; 92.73
37300265.715000; 0.13; 0.12; 92.84
37316881.409000; 0.13; 0.12; 92.95
37337437.601000; 0.13; 0.12; 93.14
37352620.339000; 0.13; 0.12; 93.28
37367972.845000; 0.13; 0.12; 93.41
37382820.000000; 0.13; 0.12; 93.57
37396039.312000; 0.13; 0.12; 93.68
37414209.253000; 0.13; 0.12; 93.84
37428708.403000; 0.13; 0.12; 93.97
37444389.949000; 0.13; 0.12; 94.11
37459763.188000; 0.13; 0.12; 94.24
37478204.812000; 0.13; 0.12; 94.40
37493335.131000; 0.13; 0.12; 94.53
37507852.613000; 0.13; 0.12; 94.66
37525639.241000; 0.13; 0.12; 94.82
37552969.111000; 0.13; 0.12; 95.02
37557986.031000; 0.13; 0.12; 95.09
37579603.023000; 0.13; 0.12; 95.25
37590177.433000; 0.13; 0.12; 95.36
37615575.215000; 0.13; 0.12; 95.57
37620771.963000; 0.13; 0.12; 95.63
37643630.442000; 0.13; 0.11; 95.84
37662676.255000; 0.13; 0.11; 95.98
37674618.902000; 0.13; 0.11; 96.11
37693692.160000; 0.13; 0.11; 96.25
37709330.139000; 0.13; 0.11; 96.38
37719465.668000; 0.13; 0.11; 96.48
37736557.624000; 0.13; 0.11; 96.65
37755766.207000; 0.13; 0.11; 96.79
37767308.627000; 0.13; 0.11; 96.92
37782229.554000; 0.13; 0.11; 97.02
37802314.686000; 0.13; 0.11; 97.20
37818399.420000; 0.13; 0.11; 97.37
37838476.731000; 0.13; 0.11; 97.51
37843999.485000; 0.13; 0.11; 97.57
37859991.404000; 0.13; 0.11; 97.70
37880782.695000; 0.13; 0.11; 97.88
37900405.001000; 0.13; 0.11; 98.06
37920548.236000; 0.13; 0.11; 98.24
37923722.060000; 0.13; 0.11; 98.28
37942715.877000; 0.13; 0.11; 98.46
37968437.745000; 0.13; 0.11; 98.65
37971779.389000; 0.13; 0.11; 98.70
37989028.290000; 0.13; 0.11; 98.83
38009662.733000; 0.13; 0.11; 98.87
38026785.658000; 0.13; 0.11; 98.87
38047611.108000; 0.13; 0.11; 98.86
38052852.444000; 0.13; 0.11; 98.86
38068606.483000; 0.13; 0.11; 98.85
38089662.745000; 0.13; 0.11; 98.84
38109708.690000; 0.13; 0.11; 98.83
38121435.998000; 0.13; 0.11; 98.83
38135081.455000; 0.13; 0.11; 98.82
38155434.739000; 0.13; 0.11; 98.82
38173642.769000; 0.13; 0.11; 98.81
38189511.910000; 0.13; 0.11; 98.80
38195951.070000; 0.13; 0.11; 98.80
38215851.541000; 0.13; 0.11; 98.79
38231323.601000; 0.13; 0.11; 98.79
38252224.638000; 0.13; 0.11; 98.78
38268021.270000; 0.13; 0.11; 98.77
38288321.609000; 0.13; 0.10; 98.76
38291721.190000; 0.13; 0.10; 98.76
38309974.580000; 0.13; 0.10; 98.75
38328551.657000; 0.13; 0.10; 98.75
38342457.214000; 0.13; 0.10; 98.74
38355944.904000; 0.13; 0.10; 98.74
38383476.079000; 0.13; 0.10; 98.73
38388938.075000; 0.13; 0.10; 98.72
38409547.915000; 0.13; 0.10; 98.71
38430187.613000; 0.13; 0.10; 98.71
38435770.387000; 0.13; 0.10; 98.70
38455841.687000; 0.13; 0.10; 98.70
38476668.468000; 0.13; 0.10; 98.69
38492015.184000; 0.13; 0.10; 98.68
38513335.528000; 0.13; 0.10; 98.67
38515800.092000; 0.13; 0.10; 98.67
38542923.514000; 0.13; 0.10; 98.66
38550592.146000; 0.13; 0.10; 98.66
38570627.906000; 0.13; 0.10; 98.65
38586810.179000; 0.13; 0.10; 98.64
38602424.033000; 0.13; 0.10; 98.64
38618339.111000; 0.13; 0.10; 98.63
38639861.134000; 0.13; 0.10; 98.62
38645286.730000; 0.13; 0.10; 98.62
38667091.343000; 0.13; 0.10; 98.61
38682217.220000; 0.13; 0.10; 98.61
38697439.106000; 0.13; 0.10; 98.60
38713006.921000; 0.13; 0.10; 98.60
38726025.922000; 0.13; 0.10; 98.59
38748589.126000; 0.13; 0.10; 98.58
38763778.329000; 0.13; 0.10; 98.58
38777314.107000; 0.13; 0.10; 98.57
38787845.785000; 0.13; 0.10; 98.56
38807807.236000; 0.13; 0.10; 98.56
38827849.060000; 0.13; 0.10; 98.55
38843454.846000; 0.13; 0.10; 98.54
38860092.588000; 0.13; 0.10; 98.54
38870128.614000; 0.13; 0.10; 98.53
38886825.430000; 0.13; 0.10; 98.53
38899764.154000; 0.13; 0.10; 98.52
38922670.037000; 0.13; 0.10; 98.51
38932932.657000; 0.13; 0.10; 98.51
38957965.095000; 0.13; 0.10; 98.50
38969083.080000; 0.13; 0.10; 98.49
38984926.237000; 0.13; 0.10; 98.49
39005995.367000; 0.13; 0.10; 98.48
39025306.742000; 0.13; 0.10; 98.48
39032009.288000; 0.13; 0.10; 98.48
39058491.978000; 0.13; 0.10; 98.48
39063690.078000; 0.13; 0.10; 98.48
39080000.964000; 0.13; 0.10; 98.48
39099695.647000; 0.13; 0.10; 98.48
39116129.842000; 0.13; 0.10; 98.48
39130592.511000; 0.13; 0.10; 98.48
39142130.674000; 0.13; 0.10; 98.48
39156014.302000; 0.13; 0.10; 98.48
39171915.952000; 0.13; 0.10; 98.48
39193087.797000; 0.13; 0.10; 98.48
39205297.429000; 0.13; 0.10; 98.48
39221093.443000; 0.13; 0.10; 98.48
39237458.927000; 0.13; 0.10; 98.48
39258625.467000; 0.13; 0.10; 98.48
39275729.548000; 0.13; 0.10; 98.48
39283789.008000; 0.13; 0.10; 98.48
39299925.193000; 0.13; 0.10; 98.48
39318436.891000; 0.13; 0.10; 98.48
39331818.652000; 0.13; 0.10; 98.48
39349021.004000; 0.13; 0.10; 98.48
39369354.613000; 0.13; 0.10; 98.48
39386749.530000; 0.13; 0.10; 98.48
39397048.131000; 0.13; 0.10; 98.48
39417981.528000; 0.13; 0.10; 98.48
39433856.121000; 0.13; 0.10; 98.48
39446830.271000; 0.13; 0.10; 98.48
39469417.870000; 0.13; 0.10; 98.48
39479998.982000; 0.13; 0.10; 98.48
39500505.577000; 0.13; 0.10; 98.48
39517313.852000; 0.13; 0.10; 98.48
39533387.563000; 0.13; 0.10; 98.48
39543829.949000; 0.13; 0.10; 98.48
39564973.628000; 0.13; 0.10; 98.48
39581589.319000; 0.13; 0.10; 98.48
39597896.043000; 0.13; 0.10; 98.48
39607967.115000; 0.13; 0.10; 98.48
39623494.349000; 0.13; 0.10; 98.48
39638197.008000; 0.13; 0.10; 98.48
39653201.441000; 0.13; 0.10; 98.48
39670552.335000; 0.13; 0.10; 98.48
39683761.634000; 0.13; 0.10; 98.48
39702345.012000; 0.13; 0.10; 98.48
39718744.333000; 0.13; 0.10; 98.48
39733395.481000; 0.13; 0.10; 98.48
39748071.620000; 0.13; 0.10; 98.48
39768498.937000; 0.13; 0.10; 98.48
39780377.923000; 0.13; 0.10; 98.48
39795922.926000; 0.13; 0.10; 98.48
39812549.560000; 0.13; 0.10; 98.48
39827831.478000; 0.13; 0.10; 98.48
39847105.323000; 0.13; 0.10; 98.48
39869039.754000; 0.13; 0.10; 98.48
39879342.649000; 0.13; 0.10; 98.48
39892080.818000; 0.13; 0.10; 98.48
39907839.295000; 0.13; 0.10; 98.48
39927613.771000; 0.13; 0.10; 98.48
39940482.479000; 0.13; 0.10; 98.48
39958206.685000; 0.13; 0.10; 98.48
39978291.805000; 0.13; 0.10; 98.48
39995080.803000; 0.13; 0.10; 98.48
40014046.294000; 0.13; 0.10; 98.48
40020707.093000; 0.13; 0.10; 98.48
40035806.034000; 0.13; 0.10; 98.48
40052460.987000; 0.13; 0.10; 98.48
40069240.269000; 0.13; 0.10; 98.48
40085449.570000; 0.13; 0.10; 98.48
40101260.433000; 0.13; 0.10; 98.48
40116092.237000; 0.13; 0.10; 98.48
40133891.539000; 0.13; 0.10; 98.48
40148597.452000; 0.13; 0.10; 98.48
40165229.317000; 0.13; 0.10; 98.48
40181713.446000; 0.13; 0.10; 98.48
40196013.996000; 0.13; 0.10; 98.48
40211809.912000; 0.13; 0.10; 98.48
40230212.494000; 0.13; 0.10; 98.48
40244825.062000; 0.13; 0.10; 98.48
40259855.956000; 0.13; 0.10; 98.48
40278248.235000; 0.13; 0.10; 98.48
40293599.565000; 0.13; 0.10; 98.48
40308205.559000; 0.13; 0.10; 98.48
40323829.768000; 0.13; 0.10; 98.48
40341959.743000; 0.13; 0.10; 98.48
40356690.505000; 0.13; 0.10; 98.48
40371846.315000; 0.13; 0.10; 98.48
40389663.365000; 0.13; 0.10; 98.48
40404197.269000; 0.13; 0.10; 98.48
40419815.663000; 0.13; 0.10; 98.48
40439556.218000; 0.13; 0.10; 98.48
40454045.421000; 0.13; 0.10; 98.48
40469605.895000; 0.13; 0.10; 98.48
40485007.590000; 0.13; 0.10; 98.48
40500461.194000; 0.13; 0.10; 98.48
40515837.094000; 0.13; 0.10; 98.48
40533449.529000; 0.13; 0.10; 98.48
40547850.759000; 0.13; 0.10; 98.48
40567022.474000; 0.13; 0.10; 98.48
40581616.264000; 0.13; 0.10; 98.48
40596343.332000; 0.13; 0.10; 98.48
40614330.608000; 0.13; 0.10; 98.48
40628950.484000; 0.13; 0.10; 98.48
40643797.094000; 0.13; 0.10; 98.48
40662217.794000; 0.13; 0.10; 98.48
40677071.508000; 0.13; 0.10; 98.48
40692205.904000; 0.13; 0.10; 98.48
40708031.910000; 0.13; 0.10; 98.48
40723770.754000; 0.13; 0.10; 98.48
40739786.677000; 0.13; 0.10; 98.48
40755857.836000; 0.13; 0.10; 98.48
40771886.822000; 0.13; 0.10; 98.48
40789047.796000; 0.13; 0.10; 98.48
40804525.312000; 0.13; 0.10; 98.48
40820509.624000; 0.13; 0.10; 98.48
40837708.884000; 0.13; 0.10; 98.48
40852484.778000; 0.13; 0.10; 98.48
40868765.652000; 0.13; 0.10; 98.48
40884377.112000; 0.13; 0.10; 98.48
40899772.071000; 0.13; 0.10; 98.48
40916003.512000; 0.13; 0.10; 98.48
40938665.202000; 0.13; 0.10; 98.48
40955722.291000; 0.13; 0.10; 98.48
40964427.158000; 0.13; 0.10; 98.48
40986025.874000; 0.13; 0.10; 98.48
41000990.978000; 0.13; 0.10; 98.48
41013106.451000; 0.13; 0.10; 98.48
41029590.815000; 0.13; 0.10; 98.48
41048880.071000; 0.13; 0.10; 98.48
41064766.844000; 0.13; 0.10; 98.48
41080617.391000; 0.13; 0.10; 98.48
41092768.584000; 0.13; 0.10; 98.48
41107808.269000; 0.13; 0.10; 98.48
41128805.601000; 0.13; 0.10; 98.48
41142031.250000; 0.13; 0.10; 98.48
41158813.405000; 0.13; 0.10; 98.48
41180611.656000; 0.13; 0.10; 98.48
41190704.165000; 0.13; 0.10; 98.48
41212690.456000; 0.13; 0.10; 98.48
41221214.003000; 0.13; 0.10; 98.48
41239669.957000; 0.13; 0.10; 98.48
41261097.182000; 0.13; 0.10; 98.48
41270631.188000; 0.13; 0.10; 98.48
41284763.467000; 0.13; 0.10; 98.48
41301668.639000; 0.13; 0.10; 98.48
41318462.536000; 0.13; 0.10; 98.48
41331768.781000; 0.13; 0.10; 98.48
41350534.729000; 0.13; 0.10; 98.48
41371193.793000; 0.13; 0.10; 98.48
41384735.926000; 0.13; 0.10; 98.48
41405031.818000; 0.13; 0.10; 98.48
41415312.740000; 0.13; 0.10; 98.48
41437060.397000; 0.13; 0.10; 98.48
41451893.679000; 0.13; 0.10; 98.48
41466688.594000; 0.13; 0.10; 98.48
41477915.872000; 0.13; 0.10; 98.48
41502980.139000; 0.13; 0.10; 98.48
41517270.054000; 0.13; 0.10; 98.48
41525032.069000; 0.13; 0.10; 98.48
41539944.757000; 0.13; 0.10; 98.48
41555772.105000; 0.13; 0.10; 98.48
41573380.163000; 0.13; 0.10; 98.48
41590920.957000; 0.13; 0.10; 98.48
41607430.083000; 0.13; 0.10; 98.48
41622662.806000; 0.13; 0.10; 98.48
41642859.325000; 0.13; 0.10; 98.48
41651765.767000; 0.13; 0.10; 98.48
41669033.057000; 0.13; 0.10; 98.48
41689184.317000; 0.13; 0.10; 98.48
41709265.382000; 0.13; 0.10; 98.48
41718062.264000; 0.13; 0.10; 98.48
41736159.423000; 0.13; 0.10; 98.48
41749481.255000; 0.13; 0.10; 98.48
41767213.878000; 0.13; 0.10; 98.48
41783811.996000; 0.13; 0.10; 98.48
41799331.928000; 0.13; 0.10; 98.48
41815240.352000; 0.13; 0.10; 98.48
41835471.018000; 0.13; 0.10; 98.48
41845719.909000; 0.13; 0.10; 98.48
41861146.048000; 0.13; 0.10; 98.48
41879314.767000; 0.13; 0.10; 98.48
41899437.551000; 0.13; 0.10; 98.48
41915246.085000; 0.13; 0.10; 98.48
41925456.011000; 0.13; 0.10; 98.48
41943724.323000; 0.13; 0.10; 98.48
41961909.332000; 0.13; 0.10; 98.48
41977056.571000; 0.13; 0.10; 98.48
41997834.819000; 0.13; 0.10; 98.48
42014995.756000; 0.13; 0.10; 98.48
42022636.919000; 0.13; 0.10; 98.48
42038743.771000; 0.13; 0.10; 98.48
42059331.351000; 0.13; 0.10; 98.48
42071950.585000; 0.13; 0.10; 98.48
42086083.968000; 0.13; 0.10; 98.48
42108049.338000; 0.13; 0.10; 98.48
42124398.439000; 0.13; 0.10; 98.48
42132270.542000; 0.13; 0.10; 98.48
42150908.408000; 0.13; 0.10; 98.48
42166918.280000; 0.13; 0.10; 98.48
42183113.571000; 0.13; 0.10; 98.48
42198884.216000; 0.13; 0.10; 98.48
42219525.034000; 0.13; 0.10; 98.48
42228474.886000; 0.13; 0.10; 98.48
42250504.024000; 0.13; 0.10; 98.48
42259832.765000; 0.13; 0.10; 98.48
42283858.200000; 0.13; 0.10; 98.48
42293489.492000; 0.13; 0.10; 98.48
42318729.754000; 0.13; 0.10; 98.48
42328875.025000; 0.13; 0.10; 98.48
42349707.324000; 0.13; 0.10; 98.48
42358874.994000; 0.13; 0.10; 98.48
42380192.963000; 0.13; 0.10; 98.48
42390338.726000; 0.13; 0.10; 98.48
42406798.182000; 0.13; 0.10; 98.48
42427428.853000; 0.13; 0.10; 98.48
42436653.181000; 0.13; 0.10; 98.48
42453715.996000; 0.13; 0.10; 98.48
42468636.269000; 0.13; 0.10; 98.48
42483804.545000; 0.13; 0.10; 98.48
42503970.352000; 0.13; 0.10; 98.48
42520681.820000; 0.13; 0.10; 98.48
42532255.851000; 0.13; 0.10; 98.48
42548983.640000; 0.13; 0.10; 98.48
42564967.172000; 0.13; 0.10; 98.48
42581988.404000; 0.13; 0.10; 98.48
42598146.319000; 0.13; 0.10; 98.48
42613285.431000; 0.13; 0.10; 98.48
42629041.984000; 0.13; 0.10; 98.48
42649748.402000; 0.13; 0.10; 98.48
42661651.200000; 0.13; 0.10; 98.48
42682956.700000; 0.13; 0.10; 98.48
42691775.649000; 0.13; 0.10; 98.48
42708610.990000; 0.13; 0.10; 98.48
42725103.339000; 0.13; 0.10; 98.48
42743696.744000; 0.13; 0.10; 98.48
42760379.314000; 0.13; 0.10; 98.48
42780907.103000; 0.13; 0.10; 98.48
42794797.902000; 0.13; 0.10; 98.48
42807557.551000; 0.13; 0.10; 98.48
42822972.634000; 0.13; 0.10; 98.48
42838676.748000; 0.13; 0.10; 98.48
42854786.193000; 0.13; 0.10; 98.48
42870336.850000; 0.13; 0.10; 98.48
42883764.917000; 0.13; 0.10; 98.48
42901808.679000; 0.13; 0.10; 98.48
42917531.419000; 0.13; 0.10; 98.48
42937952.508000; 0.13; 0.10; 98.48
42948751.201000; 0.13; 0.10; 98.48
42970713.205000; 0.13; 0.10; 98.48
42979941.804000; 0.13; 0.10; 98.48
42997590.854000; 0.13; 0.10; 98.48
43011817.599000; 0.13; 0.10; 98.48
43031936.381000; 0.13; 0.10; 98.48
43047119.850000; 0.13; 0.10; 98.48
43061382.007000; 0.13; 0.10; 98.48
43081231.805000; 0.13; 0.10; 98.48
43094122.581000; 0.13; 0.10; 98.48
43111867.126000; 0.13; 0.10; 98.48
43132477.381000; 0.13; 0.10; 98.48
43139766.452000; 0.13; 0.10; 98.48
43157697.859000; 0.13; 0.10; 98.48
43173725.625000; 0.13; 0.10; 98.48
43193545.150000; 0.13; 0.10; 98.48
43209311.268000; 0.13; 0.10; 98.48
43224509.789000; 0.13; 0.10; 98.48
43240642.661000; 0.13; 0.10; 98.48
43251911.771000; 0.13; 0.10; 98.48
43268471.122000; 0.13; 0.10; 98.48
43288302.986000; 0.13; 0.10; 98.48
43304165.683000; 0.13; 0.10; 98.48
43316128.577000; 0.13; 0.10; 98.48
43341811.990000; 0.13; 0.10; 98.48
43351862.842000; 0.13; 0.10; 98.48
43369535.636000; 0.13; 0.10; 98.48
43380228.534000; 0.13; 0.10; 98.48
43400098.462000; 0.13; 0.10; 98.48
43414847.285000; 0.13; 0.10; 98.48
43436008.296000; 0.13; 0.10; 98.48
43444780.426000; 0.13; 0.10; 98.48
43461930.559000; 0.13; 0.10; 98.48
43478524.694000; 0.13; 0.10; 98.48
43499153.155000; 0.13; 0.10; 98.48
43513342.767000; 0.13; 0.10; 98.48
43528997.071000; 0.13; 0.10; 98.48
43544261.214000; 0.13; 0.10; 98.48
43560634.536000; 0.13; 0.10; 98.48
43571768.281000; 0.13; 0.10; 98.48
43591065.757000; 0.13; 0.10; 98.48
43607197.895000; 0.13; 0.10; 98.48
43619827.294000; 0.13; 0.10; 98.48
43639285.299000; 0.13; 0.10; 98.48
43653671.130000; 0.13; 0.10; 98.48
43670084.607000; 0.13; 0.10; 98.48
43683767.820000; 0.13; 0.10; 98.48
43706429.461000; 0.13; 0.10; 98.48
43716720.565000; 0.13; 0.10; 98.48
43732445.060000; 0.13; 0.10; 98.48
43747890.369000; 0.13; 0.10; 98.48
43773781.209000; 0.13; 0.10; 98.48
43779987.965000; 0.13; 0.10; 98.48
43804768.420000; 0.13; 0.10; 98.48
43821276.992000; 0.13; 0.10; 98.48
43838414.969000; 0.13; 0.10; 98.48
43845077.206000; 0.13; 0.10; 98.48
43862319.553000; 0.13; 0.10; 98.48
43887965.034000; 0.13; 0.10; 98.48
43891777.427000; 0.13; 0.10; 98.48
43909094.648000; 0.13; 0.10; 98.48
43930404.491000; 0.13; 0.10; 98.48
43946864.799000; 0.13; 0.10; 98.48
43964127.011000; 0.13; 0.10; 98.48
43973424.026000; 0.13; 0.10; 98.48
43990328.038000; 0.13; 0.10; 98.48
44004741.992000; 0.13; 0.10; 98.48
44025306.241000; 0.13; 0.10; 98.48
44039856.830000; 0.13; 0.10; 98.48
44051766.544000; 0.13; 0.10; 98.48
44068321.375000; 0.13; 0.10; 98.48
44088426.868000; 0.13; 0.10; 98.48
44099939.726000; 0.13; 0.10; 98.48
44117041.844000; 0.13; 0.10; 98.48
44135001.910000; 0.13; 0.10; 98.48
44152795.937000; 0.13; 0.10; 98.48
44167674.656000; 0.13; 0.10; 98.48
44182457.565000; 0.13; 0.10; 98.48
44197599.323000; 0.13; 0.10; 98.48
44212198.051000; 0.13; 0.10; 98.48
44231417.960000; 0.13; 0.10; 98.48
44247657.867000; 0.13; 0.10; 98.48
44265144.023000; 0.13; 0.10; 98.48
44275807.535000; 0.13; 0.10; 98.48
44297580.466000; 0.13; 0.10; 98.48
44309021.609000; 0.13; 0.10; 98.48
44323774.867000; 0.13; 0.10; 98.48
44341071.167000; 0.13; 0.10; 98.48
44359898.173000; 0.13; 0.10; 98.48
44372074.040000; 0.13; 0.10; 98.48
44392278.744000; 0.13; 0.10; 98.48
44419127.631000; 0.13; 0.10; 98.48
44424550.594000; 0.13; 0.10; 98.48
44440366.097000; 0.13; 0.10; 98.48
44458322.620000; 0.13; 0.10; 98.48
44473217.567000; 0.13; 0.10; 98.48
44488651.143000; 0.13; 0.10; 98.48
44504600.641000; 0.13; 0.10; 98.48
44520273.049000; 0.13; 0.10; 98.48
44531836.805000; 0.13; 0.10; 98.48
44547793.587000; 0.13; 0.10; 98.48
44572029.616000; 0.13; 0.10; 98.48
44589042.927000; 0.13; 0.10; 98.48
44608048.193000; 0.13; 0.10; 98.48
44613133.859000; 0.13; 0.10; 98.48
44629664.282000; 0.13; 0.10; 98.48
44645186.925000; 0.13; 0.10; 98.48
44660729.024000; 0.13; 0.10; 98.48
44684121.880000; 0.13; 0.10; 98.48
44693582.867000; 0.13; 0.10; 98.48
44710551.321000; 0.13; 0.10; 98.48
44726577.184000; 0.13; 0.10; 98.48
44739867.752000; 0.13; 0.10; 98.48
44760549.692000; 0.13; 0.10; 98.48
44774587.438000; 0.13; 0.10; 98.48
44787810.103000; 0.13; 0.10; 98.48
44804454.260000; 0.13; 0.10; 98.48
44829473.230000; 0.13; 0.10; 98.48
44836916.972000; 0.13; 0.10; 98.48
44854969.205000; 0.13; 0.10; 98.48
44869838.559000; 0.13; 0.10; 98.48
44884767.375000; 0.13; 0.10; 98.48
44900508.891000; 0.13; 0.10; 98.48
44916918.454000; 0.13; 0.10; 98.48
44931884.795000; 0.13; 0.10; 98.48
44950525.994000; 0.13; 0.10; 98.48
44963747.039000; 0.13; 0.10; 98.48
44983004.962000; 0.13; 0.10; 98.48
44995789.807000; 0.13; 0.10; 98.48
45011917.788000; 0.13; 0.10; 98.48
45027874.695000; 0.13; 0.10; 98.48
45045150.113000; 0.13; 0.10; 98.48
45059748.075000; 0.13; 0.10; 98.48
45076547.344000; 0.13; 0.10; 98.48
45093692.132000; 0.13; 0.10; 98.48
45109838.922000; 0.13; 0.10; 98.48
45124551.623000; 0.13; 0.10; 98.48
45139799.305000; 0.13; 0.10; 98.48
45155780.389000; 0.13; 0.10; 98.48
45172548.315000; 0.13; 0.10; 98.48
45188278.370000; 0.13; 0.10; 98.48
45204316.887000; 0.13; 0.10; 98.48
45221707.028000; 0.13; 0.10; 98.48
45237312.677000; 0.13; 0.10; 98.48
45253881.032000; 0.13; 0.10; 98.48
45268728.349000; 0.13; 0.10; 98.48
45285167.476000; 0.13; 0.10; 98.48
45300260.207000; 0.13; 0.10; 98.48
45317574.789000; 0.13; 0.10; 98.48
45332351.113000; 0.13; 0.10; 98.48
45349287.463000; 0.13; 0.10; 98.48
45363756.694000; 0.13; 0.10; 98.48
45380006.385000; 0.13; 0.10; 98.48
45396071.466000; 0.13; 0.10; 98.48
45411776.294000; 0.13; 0.10; 98.48
45430250.580000; 0.13; 0.10; 98.48
45444193.646000; 0.13; 0.10; 98.48
45459820.934000; 0.13; 0.10; 98.48
45478803.520000; 0.13; 0.10; 98.48
45493749.597000; 0.13; 0.10; 98.48
45507806.113000; 0.13; 0.10; 98.48
45524010.298000; 0.13; 0.10; 98.48
45539771.309000; 0.13; 0.10; 98.48
45557919.086000; 0.13; 0.10; 98.48
45573415.960000; 0.13; 0.10; 98.48
45587960.938000; 0.13; 0.10; 98.48
45603756.948000; 0.13; 0.10; 98.48
45619765.555000; 0.13; 0.10; 98.48
45637020.389000; 0.13; 0.10; 98.48
45652591.397000; 0.13; 0.10; 98.48
45667817.759000; 0.13; 0.10; 98.48
45685836.150000; 0.13; 0.10; 98.48
45702058.571000; 0.13; 0.10; 98.48
45716939.549000; 0.13; 0.10; 98.48
45734234.500000; 0.13; 0.10; 98.48
45749345.178000; 0.13; 0.10; 98.48
45764672.315000; 0.13; 0.10; 98.48
45781931.919000; 0.13; 0.10; 98.48
45796846.208000; 0.13; 0.10; 98.48
45813082.373000; 0.13; 0.10; 98.48
45830668.316000; 0.13; 0.10; 98.48
45846647.736000; 0.13; 0.10; 98.48
45861214.373000; 0.13; 0.10; 98.48
45875875.955000; 0.13; 0.10; 98.48
45893883.568000; 0.13; 0.10; 98.48
45909182.191000; 0.13; 0.10; 98.48
45924639.953000; 0.13; 0.10; 98.48
45940006.759000; 0.13; 0.10; 98.48
45955844.146000; 0.13; 0.10; 98.48
45971789.548000; 0.13; 0.10; 98.48
45988245.625000; 0.13; 0.10; 98.48
46006601.166000; 0.13; 0.10; 98.48
46022032.036000; 0.13; 0.10; 98.48
46037214.909000; 0.13; 0.10; 98.48
46054618.046000; 0.13; 0.10; 98.48
46076572.563000; 0.13; 0.10; 98.48
46084451.649000; 0.13; 0.10; 98.48
46104395.703000; 0.13; 0.10; 98.48
46118083.938000; 0.13; 0.10; 98.48
46131763.829000; 0.13; 0.10; 98.48
46147758.966000; 0.13; 0.10; 98.48
46165807.819000; 0.13; 0.10; 98.48
46180904.848000; 0.13; 0.10; 98.48
46196536.174000; 0.13; 0.10; 98.48
46211772.596000; 0.13; 0.10; 98.48
46236983.063000; 0.13; 0.10; 98.48
46247320.641000; 0.13; 0.10; 98.48
46263491.873000; 0.13; 0.10; 98.48
46279843.059000; 0.13; 0.10; 98.48
46295192.605000; 0.13; 0.10; 98.48
46310847.110000; 0.13; 0.10; 98.48
46325426.441000; 0.13; 0.10; 98.48
46347643.755000; 0.13; 0.10; 98.48
46363176.136000; 0.13; 0.10; 98.48
46380097.418000; 0.13; 0.10; 98.48
46391272.916000; 0.13; 0.10; 98.48