162616631.845000; 0.01; 0.00; 0.00
162640855.147000; 0.01; 0.00; 0.00
162645043.938000; 0.01; 0.00; 0.00
162662638.000000; 0.01; 0.00; 0.00
162682948.126000; 0.01; 0.00; 0.00
162694329.045000; 0.01; 0.00; 0.00
162709523.120000; 0.01; 0.00; 0.00
162731963.405000; 0.01; 0.00; 0.00
162750763.908000; 0.01; 0.00; 0.00
162757640.034000; 0.01; 0.00; 0.00
162776506.933000; 0.01; 0.00; 0.00
162793761.933000; 0.01; 0.00; 0.00
162807570.510000; 0.01; 0.00; 0.00
162822590.516000; 0.01; 0.00; 0.00
162844547.168000; 0.01; 0.00; 0.00
162858932.311000; 0.01; 0.00; 0.00
162880900.980000; 0.01; 0.00; 0.00
162891019.401000; 0.01; 0.00; 0.00
162901079.444000; 0.01; 0.00; 0.00
162917607.788000; 0.01; 0.00; 0.00
162933915.678000; 0.01; 0.00; 0.00
162957619.667000; 0.01; 0.00; 0.00
162965951.544000; 0.01; 0.00; 0.00
162981871.466000; 0.01; 0.00; 0.00
163000983.534000; 0.01; 0.00; 0.00
163026591.077000; 0.01; 0.00; 0.00
163033410.365000; 0.01; 0.00; 0.00
163046598.354000; 0.01; 0.00; 0.00
163062933.607000; 0.01; 0.00; 0.00
163083020.458000; 0.01; 0.00; 0.00
163094784.532000; 0.01; 0.00; 0.00
163119767.127000; 0.01; 0.00; 0.00
163127234.481000; 0.01; 0.00; 0.00
163144760.655000; 0.01; 0.00; 0.00
163159956.919000; 0.01; 0.00; 0.00
163173348.074000; 0.01; 0.00; 0.00
163189699.618000; 0.01; 0.00; 0.00
163214466.239000; 0.01; 0.00; 0.00
163223303.699000; 0.01; 0.00; 0.00
163244759.493000; 0.01; 0.00; 0.00
163255470.767000; 0.01; 0.00; 0.00
163274972.912000; 0.01; 0.00; 0.00
163286119.489000; 0.01; 0.00; 0.00
163302616.007000; 0.01; 0.00; 0.00
163323281.639000; 0.01; 0.00; 0.00
163336417.268000; 0.01; 0.00; 0.00
163350589.112000; 0.01; 0.00; 0.00
163367771.556000; 0.01; 0.00; 0.00
163385277.336000; 0.01; 0.00; 0.00
163400977.663000; 0.01; 0.00; 0.00
163419772.839000; 0.01; 0.00; 0.00
163429940.156000; 0.01; 0.00; 0.00
163452227.833000; 0.01; 0.00; 0.00
163461342.174000; 0.01; 0.00; 0.00
163483057.575000; 0.01; 0.00; 0.00
163494619.484000; 0.01; 0.00; 0.00
163513679.905000; 0.01; 0.00; 0.00
163530073.542000; 0.01; 0.00; 0.00
163547259.312000; 0.01; 0.00; 0.00
163561490.533000; 0.01; 0.00; 0.00
163575701.191000; 0.01; 0.00; 0.00
163589691.787000; 0.01; 0.00; 0.00
163607644.443000; 0.01; 0.00; 0.00
163621319.218000; 0.01; 0.00; 0.00
163637337.134000; 0.01; 0.00; 0.00
163660691.540000; 0.01; 0.00; 0.00
163676202.799000; 0.01; 0.00; 0.00
163685709.768000; 0.01; 0.00; 0.00
163709569.726000; 0.01; 0.00; 0.00
163718003.572000; 0.01; 0.00; 0.00
163733510.068000; 0.01; 0.00; 0.00
163749589.054000; 0.01; 0.00; 0.00
163771654.651000; 0.01; 0.00; 0.00
163792423.085000; 0.01; 0.00; 0.00
163803177.009000; 0.01; 0.00; 0.00
163814021.094000; 0.01; 0.00; 0.00
163829834.326000; 0.01; 0.00; 0.00
163848807.871000; 0.01; 0.00; 0.00
163862913.521000; 0.01; 0.00; 0.00
163881456.841000; 0.01; 0.00; 0.00
163896147.179000; 0.01; 0.00; 0.00
163915379.458000; 0.01; 0.00; 0.00
163927955.902000; 0.01; 0.00; 0.00
163942990.100000; 0.01; 0.00; 0.00
163960079.953000; 0.01; 0.00; 0.00
163979462.113000; 0.01; 0.00; 0.00
163995585.543000; 0.01; 0.00; 0.00
164017141.502000; 0.01; 0.00; 0.00
164024189.765000; 0.01; 0.00; 0.00
164046031.716000; 0.01; 0.00; 0.00
164053651.629000; 0.01; 0.00; 0.00
164072094.554000; 0.01; 0.00; 0.00
164085670.150000; 0.01; 0.00; 0.00
164106899.709000; 0.01; 0.00; 0.00
164122637.187000; 0.01; 0.00; 0.00
164138534.375000; 0.01; 0.00; 0.00
164154407.180000; 0.01; 0.00; 0.00
164170047.149000; 0.01; 0.00; 0.00
164190818.113000; 0.01; 0.00; 0.00
164201570.150000; 0.01; 0.00; 0.00
164222542.983000; 0.01; 0.00; 0.00
164235666.854000; 0.01; 0.00; 0.00
164253585.429000; 0.01; 0.00; 0.00
164264113.792000; 0.01; 0.00; 0.00
164280941.713000; 0.01; 0.00; 0.00
164294343.998000; 0.01; 0.00; 0.00
164314928.300000; 0.01; 0.00; 0.00
164328916.648000; 0.01; 0.00; 0.00
164341425.941000; 0.01; 0.00; 0.00
164366841.309000; 0.01; 0.00; 0.00
164374552.840000; 0.01; 0.00; 0.00
164389430.704000; 0.01; 0.00; 0.00
164405832.477000; 0.01; 0.00; 0.00
164429811.682000; 0.01; 0.00; 0.00
164437161.184000; 0.01; 0.00; 0.00
164461020.668000; 0.01; 0.00; 0.00
164469138.794000; 0.01; 0.00; 0.00
164491356.160000; 0.01; 0.00; 0.00
164506920.881000; 0.01; 0.00; 0.00
164521616.645000; 0.01; 0.00; 0.00
164533366.770000; 0.01; 0.00; 0.00
164555796.528000; 0.01; 0.00; 0.00
164572282.503000; 0.01; 0.00; 0.00
164584332.595000; 0.01; 0.00; 0.00
164603068.162000; 0.01; 0.00; 0.00
164620410.031000; 0.01; 0.00; 0.00
164629184.751000; 0.01; 0.00; 0.00
164648434.292000; 0.01; 0.00; 0.00
164663963.129000; 0.01; 0.00; 0.00
164677213.207000; 0.01; 0.00; 0.00
164694345.833000; 0.01; 0.00; 0.00
164710535.020000; 0.01; 0.00; 0.00
164729511.136000; 0.01; 0.00; 0.00
164741369.209000; 0.01; 0.00; 0.00
164757204.737000; 0.01; 0.00; 0.00
164774860.965000; 0.01; 0.00; 0.00
164790056.060000; 0.01; 0.00; 0.00
164805614.103000; 0.01; 0.00; 0.00
164822867.342000; 0.01; 0.00; 0.00
164838026.363000; 0.01; 0.00; 0.00
164853756.358000; 0.01; 0.00; 0.00
164869338.644000; 0.01; 0.00; 0.00
164885226.323000; 0.01; 0.00; 0.00
164901151.648000; 0.01; 0.00; 0.00
164917890.914000; 0.01; 0.00; 0.00
164933284.967000; 0.01; 0.00; 0.00
164949287.710000; 0.01; 0.00; 0.00
164965248.015000; 0.01; 0.00; 0.00
164984366.072000; 0.01; 0.00; 0.00
164997903.398000; 0.01; 0.00; 0.00
165020581.143000; 0.03; 0.00; 0.00
165029402.290000; 0.04; 0.00; 0.00
165051496.727000; 0.06; 0.00; 0.00
165067349.405000; 0.06; 0.00; 0.00
165082590.510000; 0.08; 0.00; 0.00
165098149.393000; 0.09; 0.00; 0.00
165119535.431000; 0.11; 0.00; 0.00
165126682.884000; 0.12; 0.00; 0.00
165142739.710000; 0.13; 0.00; 0.00
165157731.459000; 0.14; 0.00; 0.00
165181489.377000; 0.16; 0.00; 0.00
165190861.631000; 0.17; 0.00; 0.00
165208374.290000; 0.18; 0.00; 0.00
165223753.890000; 0.19; 0.00; 0.00
165237609.107000; 0.20; 0.00; 0.00
165254932.771000; 0.22; 0.00; 0.00
165273489.344000; 0.23; 0.00; 0.00
165285317.869000; 0.24; 0.00; 0.00
165305532.813000; 0.26; 0.00; 0.00
165325361.579000; 0.27; 0.00; 0.00
165333168.366000; 0.28; 0.00; 0.00
165349364.764000; 0.29; 0.00; 0.00
165367794.820000; 0.31; 0.00; 0.00
165386870.755000; 0.32; 0.00; 0.00
165398608.549000; 0.33; 0.00; 0.00
165413731.238000; 0.34; 0.00; 0.00
165430530.231000; 0.36; 0.00; 0.00
165449965.920000; 0.37; 0.00; 0.00
165489828.791000; 0.41; 0.00; 0.00
165505594.081000; 0.42; 0.00; 0.00
165523971.951000; 0.43; 0.00; 0.00
165538870.373000; 0.45; 0.00; 0.00
165551633.749000; 0.45; 0.00; 0.00
165572158.438000; 0.47; 0.00; 0.00
165584897.095000; 0.48; 0.00; 0.00
165601071.037000; 0.50; 0.00; 0.00
165615487.877000; 0.51; 0.00; 0.00
165631673.727000; 0.52; 0.00; 0.00
165648497.087000; 0.53; 0.00; 0.00
165663897.108000; 0.54; 0.00; 0.00
165679650.256000; 0.56; 0.00; 0.00
165695589.259000; 0.57; 0.00; 0.00
165723088.797000; 0.59; 0.00; 0.00
165733113.681000; 0.60; 0.00; 0.00
165746306.948000; 0.61; 0.00; 0.00
165767255.652000; 0.63; 0.00; 0.00
165776092.981000; 0.64; 0.00; 0.00
165795591.705000; 0.65; 0.00; 0.00
165810062.293000; 0.66; 0.00; 0.00
165827455.885000; 0.68; 0.00; 0.00
165841251.497000; 0.69; 0.00; 0.00
165862270.676000; 0.70; 0.00; 0.00
165878176.397000; 0.72; 0.00; 0.00
165888556.247000; 0.72; 0.00; 0.00
165903630.246000; 0.74; 0.00; 0.00
165920888.685000; 0.75; 0.00; 0.00
165939218.941000; 0.77; 0.00; 0.00
165952119.439000; 0.78; 0.00; 0.00
165971355.238000; 0.79; 0.00; 0.00
165985591.162000; 0.80; 0.00; 0.00
166003098.045000; 0.81; 0.00; 0.00
166025462.908000; 0.83; 0.00; 0.00
166033365.147000; 0.83; 0.00; 0.00
166048405.592000; 0.84; 0.00; 0.00
166063822.227000; 0.85; 0.00; 0.00
166080000.945000; 0.86; 0.00; 0.00
166096169.318000; 0.87; 0.00; 0.00
166111862.419000; 0.88; 0.00; 0.00
166128371.230000; 0.89; 0.00; 0.00
166144615.600000; 0.90; 0.00; 0.00
166161541.896000; 0.91; 0.00; 0.00
166178140.910000; 0.92; 0.00; 0.00
166192146.000000; 0.93; 0.00; 0.00
166208151.820000; 0.94; 0.00; 0.00
166224234.186000; 0.95; 0.00; 0.00
166239797.589000; 0.96; 0.00; 0.00
166255695.139000; 0.97; 0.00; 0.00
166274813.742000; 0.98; 0.00; 0.00
166296698.540000; 0.99; 0.00; 0.00
166306159.024000; 1.00; 0.00; 0.00
166331480.689000; 1.01; 0.00; 0.00
166341824.873000; 1.02; 0.00; 0.00
166352419.474000; 1.02; 0.00; 0.00
166368480.268000; 1.03; 0.00; 0.00
166385787.417000; 1.04; 0.00; 0.00
166404844.624000; 1.06; 0.00; 0.00
166418410.021000; 1.06; 0.00; 0.00
166431673.229000; 1.07; 0.00; 0.00
166447787.027000; 1.08; 0.00; 0.00
166465508.367000; 1.09; 0.00; 0.00
166482350.866000; 1.10; 0.00; 0.00
166497155.694000; 1.11; 0.00; 0.00
166513117.984000; 1.12; 0.00; 0.00
166531052.454000; 1.13; 0.00; 0.00
166547570.261000; 1.14; 0.00; 0.00
166563830.185000; 1.15; 0.00; 0.00
166584618.869000; 1.16; 0.00; 0.00
166599846.360000; 1.17; 0.00; 0.00
166608593.827000; 1.18; 0.00; 0.00
166625968.662000; 1.19; 0.00; 0.00
166641450.631000; 1.20; 0.00; 0.00
166660651.039000; 1.21; 0.00; 0.00
166680894.539000; 1.22; 0.00; 0.00
166690995.139000; 1.23; 0.00; 0.00
166711281.388000; 1.24; 0.00; 0.00
166721885.500000; 1.25; 0.00; 0.00
166737748.816000; 1.25; 0.00; 0.00
166762668.985000; 1.27; 0.00; 0.00
166773094.930000; 1.28; 0.00; 0.00
166783619.283000; 1.28; 0.00; 0.00
166808854.975000; 1.30; 0.00; 0.00
166819447.605000; 1.30; 0.00; 0.00
166839463.814000; 1.32; 0.00; 0.00
166848786.581000; 1.32; 0.00; 0.00
166868051.960000; 1.33; 0.00; 0.00
166885230.731000; 1.34; 0.00; 0.00
166895716.376000; 1.35; 0.00; 0.00
166916741.952000; 1.36; 0.00; 0.00
166927650.440000; 1.37; 0.00; 0.00
166953359.650000; 1.38; 0.00; 0.00
166967042.180000; 1.39; 0.00; 0.00
166978966.466000; 1.40; 0.00; 0.00
166998690.649000; 1.41; 0.00; 0.00
167015205.924000; 1.41; 0.00; 0.00
167023568.976000; 1.42; 0.00; 0.00
167043008.293000; 1.42; 0.00; 0.00
167056902.207000; 1.43; 0.00; 0.00
167079074.132000; 1.43; 0.00; 0.00
167087678.729000; 1.44; 0.00; 0.00
167113912.097000; 1.44; 0.00; 0.00
167124401.308000; 1.45; 0.00; 0.00
167135582.176000; 1.45; 0.00; 0.00
167155473.853000; 1.46; 0.00; 0.00
167169352.040000; 1.46; 0.00; 0.00
167184987.053000; 1.47; 0.00; 0.00
167202461.313000; 1.47; 0.00; 0.00
167223202.070000; 1.48; 0.00; 0.00
167233544.645000; 1.48; 0.00; 0.00
167253281.347000; 1.49; 0.00; 0.00
167265333.615000; 1.49; 0.00; 0.00
167290712.639000; 1.50; 0.00; 0.00
167300881.765000; 1.50; 0.00; 0.00
167316197.844000; 1.50; 0.00; 0.00
167329515.555000; 1.51; 0.00; 0.00
167347198.169000; 1.51; 0.00; 0.00
167362353.597000; 1.52; 0.00; 0.00
167379008.708000; 1.52; 0.00; 0.00
167393935.550000; 1.53; 0.00; 0.00
167409414.881000; 1.53; 0.00; 0.00
167425030.640000; 1.54; 0.00; 0.00
167446233.390000; 1.54; 0.00; 0.00
167455693.868000; 1.55; 0.00; 0.00
167477617.974000; 1.55; 0.00; 0.00
167489166.065000; 1.56; 0.00; 0.00
167507082.933000; 1.56; 0.00; 0.00
167519956.833000; 1.57; 0.00; 0.00
167536914.345000; 1.57; 0.00; 0.00
167551971.611000; 1.58; 0.00; 0.00
167570716.253000; 1.58; 0.00; 0.00
167590165.805000; 1.59; 0.00; 0.00
167608459.284000; 1.59; 0.00; 0.00
167616434.063000; 1.60; 0.00; 0.00
167631817.159000; 1.60; 0.00; 0.00
167647937.882000; 1.61; 0.00; 0.00
167665971.002000; 1.61; 0.00; 0.00
167686972.258000; 1.62; 0.00; 0.00
167695880.072000; 1.62; 0.00; 0.00
167724436.824000; 1.63; 0.00; 0.00
167732091.496000; 1.63; 0.00; 0.00
167745131.574000; 1.63; 0.00; 0.00
167760834.425000; 1.64; 0.00; 0.00
167776587.292000; 1.64; 0.00; 0.00
167797462.332000; 1.65; 0.00; 0.00
167812070.892000; 1.65; 0.00; 0.00
167827281.977000; 1.66; 0.00; 0.00
167842421.534000; 1.66; 0.00; 0.00
167856415.114000; 1.67; 0.00; 0.00
167874821.989000; 1.67; 0.00; 0.00
167889986.322000; 1.68; 0.00; 0.00
167905272.335000; 1.68; 0.00; 0.00
167925747.115000; 1.69; 0.00; 0.00
167939302.737000; 1.69; 0.00; 0.00
167953215.636000; 1.70; 0.00; 0.00
167970773.048000; 1.70; 0.00; 0.00
167984216.223000; 1.71; 0.00; 0.00
168001441.696000; 1.71; 0.00; 0.00
168023864.798000; 1.71; 0.00; 0.00
168031936.387000; 1.71; 0.00; 0.00
168049499.316000; 1.72; 0.00; 0.00
168067605.213000; 1.72; 0.00; 0.00
168080449.775000; 1.72; 0.00; 0.00
168103004.190000; 1.72; 0.00; 0.00
168118019.580000; 1.73; 0.00; 0.00
168137992.065000; 1.73; 0.00; 0.00
168146724.457000; 1.73; 0.00; 0.00
168167613.100000; 1.73; 0.00; 0.00
168176711.091000; 1.74; 0.00; 0.00
168197076.751000; 1.74; 0.00; 0.00
168211871.799000; 1.74; 0.00; 0.00
168236005.394000; 1.74; 0.00; 0.00
168248626.923000; 1.75; 0.00; 0.00
168259191.783000; 1.75; 0.00; 0.00
168273029.788000; 1.75; 0.00; 0.00
168288032.772000; 1.75; 0.00; 0.00
168303964.802000; 1.76; 0.00; 0.00
168320656.887000; 1.76; 0.00; 0.00
168335831.024000; 1.76; 0.00; 0.00
168351710.356000; 1.76; 0.00; 0.00
168367895.721000; 1.76; 0.00; 0.00
168385286.239000; 1.77; 0.00; 0.00
168401449.110000; 1.77; 0.00; 0.00
168416755.137000; 1.77; 0.00; 0.00
168432183.792000; 1.77; 0.00; 0.00
168449750.992000; 1.78; 0.00; 0.00
168465835.314000; 1.78; 0.00; 0.00
168481841.080000; 1.78; 0.00; 0.00
168507454.570000; 1.79; 0.00; 0.00
168515770.559000; 1.79; 0.00; 0.00
168536721.500000; 1.79; 0.00; 0.00
168547414.872000; 1.79; 0.00; 0.00
168564126.772000; 1.79; 0.00; 0.00
168577196.429000; 1.80; 0.00; 0.00
168599701.935000; 1.80; 0.00; 0.00
168608039.078000; 1.80; 0.00; 0.00
168630942.589000; 1.80; 0.00; 0.00
168639627.937000; 1.81; 0.00; 0.00
168663188.838000; 1.81; 0.00; 0.00
168675078.051000; 1.81; 0.00; 0.00
168688396.378000; 1.81; 0.00; 0.00
168705066.687000; 1.82; 0.00; 0.00
168719998.475000; 1.82; 0.00; 0.00
168738054.725000; 1.82; 0.00; 0.00
168757690.656000; 1.82; 0.00; 0.00
168767678.556000; 1.82; 0.00; 0.00
168785468.567000; 1.83; 0.00; 0.00
168806230.311000; 1.83; 0.00; 0.00
168818037.875000; 1.83; 0.00; 0.00
168831624.870000; 1.83; 0.00; 0.00
168848033.325000; 1.84; 0.00; 0.00
168865003.771000; 1.84; 0.00; 0.00
168883800.798000; 1.84; 0.00; 0.00
168901494.065000; 1.84; 0.00; 0.00
168913501.829000; 1.85; 0.00; 0.00
168929596.061000; 1.85; 0.00; 0.00
168951266.426000; 1.85; 0.00; 0.00
168963662.330000; 1.85; 0.00; 0.00
168975858.292000; 1.86; 0.00; 0.00
169000598.561000; 1.86; 0.00; 0.00
169009519.957000; 1.86; 0.00; 0.00
169024797.051000; 1.86; 0.00; 0.00
169039652.452000; 1.86; 0.00; 0.00
169059485.892000; 1.86; 0.00; 0.00
169074823.578000; 1.86; 0.00; 0.00
169092676.362000; 1.87; 0.00; 0.00
169108645.250000; 1.87; 0.00; 0.00
169123810.745000; 1.87; 0.00; 0.00
169137366.213000; 1.87; 0.00; 0.00
169159941.574000; 1.87; 0.00; 0.00
169167526.183000; 1.87; 0.00; 0.00
169183589.551000; 1.87; 0.00; 0.00
169203056.804000; 1.87; 0.00; 0.00
169216935.345000; 1.88; 0.00; 0.00
169231654.345000; 1.88; 0.00; 0.00
169247525.150000; 1.88; 0.00; 0.00
169266150.937000; 1.88; 0.00; 0.00
169280588.641000; 1.88; 0.00; 0.00
169298598.736000; 1.88; 0.00; 0.00
169314587.195000; 1.88; 0.00; 0.00
169327792.038000; 1.88; 0.00; 0.00
169344851.238000; 1.89; 0.00; 0.00
169361172.883000; 1.89; 0.00; 0.00
169390746.956000; 1.89; 0.00; 0.00
169398544.790000; 1.89; 0.00; 0.00
169416627.755000; 1.89; 0.00; 0.00
169431006.121000; 1.89; 0.00; 0.00
169439569.328000; 1.89; 0.00; 0.00
169462348.272000; 1.89; 0.00; 0.00
169473931.024000; 1.89; 0.00; 0.00
169490353.614000; 1.90; 0.00; 0.00
169507694.256000; 1.90; 0.00; 0.00
169524985.461000; 1.90; 0.00; 0.00
169543144.447000; 1.90; 0.00; 0.00
169551905.249000; 1.90; 0.00; 0.00
169570738.172000; 1.90; 0.00; 0.00
169591388.071000; 1.90; 0.00; 0.00
169601579.266000; 1.90; 0.00; 0.00
169617046.075000; 1.91; 0.00; 0.00
169643597.345000; 1.91; 0.00; 0.00
169654152.448000; 1.91; 0.00; 0.00
169674727.790000; 1.91; 0.00; 0.00
169683317.676000; 1.91; 0.00; 0.00
169700433.207000; 1.91; 0.00; 0.00
169715544.246000; 1.91; 0.00; 0.00
169728324.196000; 1.91; 0.00; 0.00
169746756.707000; 1.92; 0.00; 0.00
169759940.141000; 1.92; 0.00; 0.00
169782859.150000; 1.92; 0.00; 0.00
169792249.299000; 1.92; 0.00; 0.00
169815271.932000; 1.92; 0.00; 0.00
169825319.319000; 1.92; 0.00; 0.00
169858843.229000; 1.92; 0.00; 0.00
169863305.999000; 1.92; 0.00; 0.00
169871531.649000; 1.92; 0.00; 0.00
169889723.651000; 1.93; 0.00; 0.00
169905532.960000; 1.93; 0.00; 0.00
169927287.680000; 1.93; 0.00; 0.00
169935491.092000; 1.93; 0.00; 0.00
169951825.116000; 1.93; 0.00; 0.00
169967758.473000; 1.93; 0.00; 0.00
169984206.519000; 1.93; 0.00; 0.00
170000753.921000; 1.93; 0.00; 0.00
170024008.123000; 1.93; 0.00; 0.00
170032547.363000; 1.94; 0.00; 0.00
170055063.650000; 1.94; 0.00; 0.00
170063670.643000; 1.94; 0.00; 0.00
170080344.593000; 1.94; 0.00; 0.00
170099165.614000; 1.94; 0.00; 0.00
170117391.878000; 1.94; 0.00; 0.00
170132567.159000; 1.94; 0.00; 0.00
170145638.015000; 1.94; 0.00; 0.00
170163025.478000; 1.94; 0.00; 0.00
170175463.400000; 1.94; 0.00; 0.00
170200812.876000; 1.94; 0.00; 0.00
170207484.469000; 1.94; 0.00; 0.00
170231845.579000; 1.94; 0.00; 0.00
170241969.790000; 1.94; 0.00; 0.00
170258227.344000; 1.94; 0.00; 0.00
170273560.210000; 1.94; 0.00; 0.00
170288960.919000; 1.94; 0.00; 0.00
170310378.725000; 1.94; 0.00; 0.00
170320425.983000; 1.95; 0.00; 0.00
170341330.660000; 1.95; 0.00; 0.00
170356874.530000; 1.95; 0.00; 0.00
170375987.724000; 1.95; 0.00; 0.00
170383470.193000; 1.95; 0.00; 0.00
170399467.572000; 1.95; 0.00; 0.00
170416890.018000; 1.95; 0.00; 0.00
170440439.160000; 1.95; 0.00; 0.00
170447466.942000; 1.95; 0.00; 0.00
170464505.693000; 1.95; 0.00; 0.00
170479552.165000; 1.95; 0.00; 0.00
170507340.332000; 1.95; 0.00; 0.00
170511470.118000; 1.95; 0.00; 0.00
170528627.833000; 1.95; 0.00; 0.00
170546608.786000; 1.95; 0.00; 0.00
170559880.794000; 1.95; 0.00; 0.00
170576823.751000; 1.95; 0.00; 0.00
170594416.139000; 1.95; 0.00; 0.00
170610551.685000; 1.96; 0.00; 0.00
170623893.336000; 1.96; 0.00; 0.00
170644411.511000; 1.96; 0.00; 0.00
170660229.526000; 1.96; 0.00; 0.00
170672791.304000; 1.96; 0.00; 0.00
170692409.771000; 1.96; 0.00; 0.00
170704810.026000; 1.96; 0.00; 0.00
170723792.611000; 1.96; 0.00; 0.00
170742586.206000; 1.96; 0.00; 0.00
170758925.849000; 1.96; 0.00; 0.00
170768429.644000; 1.96; 0.00; 0.00
170786073.155000; 1.96; 0.00; 0.00
170806711.381000; 1.96; 0.00; 0.00
170815620.068000; 1.96; 0.00; 0.00
170843416.737000; 1.96; 0.00; 0.00
170853556.435000; 1.96; 0.00; 0.00
170863961.111000; 1.96; 0.00; 0.00
170894027.097000; 1.97; 0.00; 0.00
170897872.262000; 1.97; 0.00; 0.00
170914459.583000; 1.97; 0.00; 0.00
170929738.317000; 1.97; 0.00; 0.00
170945819.200000; 1.97; 0.00; 0.00
170960959.923000; 1.97; 0.00; 0.00
170986715.055000; 1.97; 0.00; 0.00
170995226.292000; 1.97; 0.00; 0.00
171008763.201000; 1.97; 0.00; 0.00
171027868.552000; 1.97; 0.00; 0.00
171044818.025000; 1.97; 0.00; 0.00
171056875.102000; 1.97; 0.00; 0.00
171073685.882000; 1.97; 0.00; 0.00
171090166.892000; 1.97; 0.00; 0.00
171107056.460000; 1.97; 0.00; 0.00
171120138.186000; 1.97; 0.00; 0.00
171136751.297000; 1.97; 0.00; 0.00
171155386.131000; 1.97; 0.00; 0.00
171168558.363000; 1.97; 0.00; 0.00
171197078.034000; 1.97; 0.00; 0.00
171205062.504000; 1.97; 0.00; 0.00
171218787.594000; 1.97; 0.00; 0.00
171235309.997000; 1.97; 0.00; 0.00
171249329.914000; 1.97; 0.00; 0.00
171266820.737000; 1.97; 0.00; 0.00
171279718.262000; 1.97; 0.00; 0.00
171296911.692000; 1.97; 0.00; 0.00
171314216.844000; 1.98; 0.00; 0.00
171338536.293000; 1.98; 0.00; 0.00
171347658.272000; 1.98; 0.00; 0.00
171361272.494000; 1.98; 0.00; 0.00
171378252.500000; 1.98; 0.00; 0.00
171391617.810000; 1.98; 0.00; 0.00
171411162.667000; 1.98; 0.00; 0.00
171426978.766000; 1.98; 0.00; 0.00
171442109.875000; 1.98; 0.00; 0.00
171466894.988000; 1.98; 0.00; 0.00
171476978.040000; 1.98; 0.00; 0.00
171502203.854000; 1.98; 0.00; 0.00
171510286.501000; 1.98; 0.00; 0.00
171519777.107000; 1.98; 0.00; 0.00
171544058.938000; 1.98; 0.00; 0.00
171553468.559000; 1.98; 0.00; 0.00
171575050.770000; 1.98; 0.00; 0.00
171583716.123000; 1.98; 0.00; 0.00
171601256.184000; 1.98; 0.00; 0.00
171617054.860000; 1.98; 0.00; 0.00
171635059.840000; 1.98; 0.00; 0.00
171649907.335000; 1.98; 0.00; 0.00
171664023.648000; 1.98; 0.00; 0.00
171681920.063000; 1.98; 0.00; 0.00
171697792.715000; 1.98; 0.00; 0.00
171712490.149000; 1.98; 0.00; 0.00
171728057.183000; 1.98; 0.00; 0.00
171748417.889000; 1.98; 0.00; 0.00
171761546.309000; 1.98; 0.00; 0.00
171775894.990000; 1.98; 0.00; 0.00
171796071.156000; 1.98; 0.00; 0.00
171809032.155000; 1.99; 0.00; 0.00
171825140.924000; 1.99; 0.00; 0.00
171842617.190000; 1.99; 0.00; 0.00
171857121.343000; 1.99; 0.00; 0.00
171874237.287000; 1.99; 0.00; 0.00
171894388.144000; 1.99; 0.00; 0.00
171910580.995000; 1.99; 0.00; 0.00
171919898.307000; 1.99; 0.00; 0.00
171938092.144000; 1.99; 0.00; 0.00
171952693.886000; 1.99; 0.00; 0.00
171969052.880000; 1.99; 0.00; 0.00
171983744.825000; 1.99; 0.00; 0.00
172001133.615000; 1.99; 0.00; 0.00
172018573.796000; 1.99; 0.00; 0.00
172031825.835000; 1.99; 0.00; 0.00
172059331.447000; 1.99; 0.00; 0.00
172066947.947000; 1.99; 0.00; 0.00
172080973.326000; 1.99; 0.00; 0.00
172101727.845000; 1.99; 0.00; 0.00
172116861.119000; 1.99; 0.00; 0.00
172130746.515000; 1.99; 0.00; 0.00
172147525.554000; 1.99; 0.00; 0.00
172164496.891000; 1.99; 0.00; 0.00
172182007.569000; 1.99; 0.00; 0.00
172195562.224000; 1.99; 0.00; 0.00
172209087.824000; 1.99; 0.00; 0.00
172225119.327000; 1.99; 0.00; 0.00
172243724.505000; 1.99; 0.00; 0.00
172259916.198000; 1.99; 0.00; 0.00
172272653.453000; 1.99; 0.00; 0.00
172295565.351000; 1.99; 0.00; 0.00
172306990.292000; 1.99; 0.00; 0.00
172320063.777000; 1.99; 0.00; 0.00
172335575.557000; 1.99; 0.00; 0.00
172354830.399000; 1.99; 0.00; 0.00
172370032.643000; 1.99; 0.00; 0.00
172386510.060000; 1.99; 0.00; 0.00
172403625.871000; 1.99; 0.00; 0.00
172419435.723000; 1.99; 0.00; 0.00
172432077.530000; 1.99; 0.00; 0.00
172449199.229000; 1.99; 0.00; 0.00
172466061.265000; 1.99; 0.00; 0.00
172479995.962000; 1.99; 0.00; 0.00
172496802.089000; 1.99; 0.00; 0.00
172514173.239000; 1.99; 0.00; 0.00
172529560.443000; 1.99; 0.00; 0.00
172546412.409000; 1.99; 0.00; 0.00
172560193.819000; 1.99; 0.00; 0.00
172576585.571000; 1.99; 0.00; 0.00
172591938.781000; 1.99; 0.00; 0.00
172611044.284000; 1.99; 0.00; 0.00
172624899.540000; 2.00; 0.00; 0.00
172639949.909000; 2.00; 0.00; 0.00
172665964.315000; 2.00; 0.00; 0.00
172674037.144000; 2.00; 0.00; 0.00
172689138.294000; 2.00; 0.00; 0.00
172704479.066000; 2.00; 0.00; 0.00
172724222.034000; 2.00; 0.00; 0.00
172736400.915000; 2.00; 0.00; 0.00
172755314.254000; 2.00; 0.00; 0.00
172767933.916000; 2.00; 0.00; 0.00
172785054.548000; 2.00; 0.00; 0.00
172799651.173000; 2.00; 0.00; 0.00
172817353.375000; 2.00; 0.00; 0.00
172838626.248000; 2.00; 0.00; 0.00
172850411.938000; 2.00; 0.00; 0.00
172867188.058000; 2.00; 0.00; 0.00
172882541.588000; 2.00; 0.00; 0.00
172896365.383000; 2.00; 0.00; 0.00
172912980.976000; 2.00; 0.00; 0.00
172930522.252000; 2.00; 0.00; 0.00
172944125.167000; 2.00; 0.00; 0.00
172965516.483000; 2.00; 0.00; 0.00
172980587.310000; 2.00; 0.00; 0.00
173001143.474000; 2.00; 0.00; 0.00
173009870.849000; 2.00; 0.00; 0.00
173031925.706000; 2.00; 0.00; 0.00
173042737.181000; 2.00; 0.00; 0.00
173068453.607000; 2.00; 0.00; 0.00
173078563.869000; 2.00; 0.00; 0.00
173089026.568000; 2.00; 0.00; 0.00
173104874.687000; 2.00; 0.00; 0.00
173129689.492000; 2.00; 0.00; 0.00
173139342.936000; 2.00; 0.00; 0.00
173160503.063000; 2.00; 0.00; 0.00
173168433.844000; 2.00; 0.00; 0.00
173185126.227000; 2.00; 0.00; 0.00
173201393.919000; 2.00; 0.00; 0.00
173217862.410000; 2.00; 0.00; 0.00
173234546.936000; 2.00; 0.00; 0.00
173259237.439000; 2.00; 0.00; 0.00
173263693.613000; 2.00; 0.00; 0.00
173280850.795000; 2.00; 0.00; 0.00
173296682.249000; 2.00; 0.00; 0.00
173315205.023000; 2.00; 0.00; 0.00
173327784.635000; 2.00; 0.00; 0.00
173355838.011000; 2.00; 0.00; 0.00
173368254.023000; 2.00; 0.00; 0.00
173378521.579000; 2.00; 0.00; 0.00
173398713.099000; 2.00; 0.00; 0.00
173409518.622000; 2.00; 0.00; 0.00
173424851.165000; 2.00; 0.00; 0.00
173442525.743000; 2.00; 0.00; 0.00
173455709.279000; 2.00; 0.00; 0.00
173475464.234000; 2.00; 0.00; 0.00
173487708.350000; 2.00; 0.00; 0.00
173506582.543000; 2.00; 0.00; 0.00
173520712.232000; 2.00; 0.00; 0.00
173535879.728000; 2.00; 0.00; 0.00
173557732.064000; 2.00; 0.00; 0.00
173569250.693000; 2.00; 0.00; 0.00
173584695.116000; 2.00; 0.00; 0.00
173610261.298000; 2.00; 0.00; 0.00
173618094.942000; 2.00; 0.00; 0.00
173631630.962000; 2.00; 0.00; 0.00
173651932.508000; 2.00; 0.00; 0.00
173667076.272000; 2.00; 0.00; 0.00
173682187.351000; 2.00; 0.00; 0.00
173695857.120000; 2.00; 0.00; 0.00
173719167.303000; 2.00; 0.00; 0.00
173727659.465000; 2.00; 0.00; 0.00
173744454.632000; 2.00; 0.00; 0.00
173763120.214000; 2.00; 0.00; 0.00
173783817.935000; 2.00; 0.00; 0.00
173795441.960000; 2.00; 0.00; 0.00
173814189.305000; 2.00; 0.00; 0.00
173823570.557000; 2.00; 0.00; 0.00
173850428.502000; 2.00; 0.00; 0.00
173860481.600000; 2.00; 0.00; 0.00
173875077.335000; 2.00; 0.00; 0.00
173891599.614000; 2.00; 0.00; 0.00
173907228.864000; 2.00; 0.00; 0.00
173922700.596000; 2.00; 0.00; 0.00
173936605.324000; 2.00; 0.00; 0.00
173958010.187000; 2.00; 0.00; 0.00
173976279.353000; 2.00; 0.00; 0.00
173984756.563000; 2.00; 0.00; 0.00
174000426.334000; 2.00; 0.00; 0.00
174020888.138000; 2.00; 0.00; 0.00
174031770.493000; 2.00; 0.00; 0.00
174050475.069000; 2.00; 0.00; 0.00
174067274.079000; 2.00; 0.00; 0.00
174080441.569000; 2.00; 0.00; 0.00
174103391.079000; 2.00; 0.00; 0.00
174113027.347000; 2.00; 0.00; 0.00
174127616.095000; 2.00; 0.00; 0.00
174150215.487000; 2.00; 0.00; 0.00
174161473.303000; 2.00; 0.00; 0.00
174180080.067000; 2.00; 0.00; 0.00
174193222.469000; 2.00; 0.00; 0.00
174208948.632000; 2.00; 0.00; 0.00
174225126.669000; 2.00; 0.00; 0.00
174245159.945000; 2.00; 0.00; 0.00
174265735.512000; 2.00; 0.00; 0.00
174274400.611000; 2.00; 0.00; 0.00
174296558.543000; 2.00; 0.00; 0.00
174311795.465000; 2.00; 0.00; 0.00
174320209.179000; 2.00; 0.00; 0.00
174338535.080000; 2.00; 0.00; 0.00
174353758.142000; 2.00; 0.00; 0.00
174372913.709000; 2.00; 0.00; 0.00
174393075.871000; 2.00; 0.00; 0.00
174400758.278000; 2.00; 0.00; 0.00
174421581.637000; 2.00; 0.00; 0.00
174442920.692000; 2.00; 0.00; 0.00
174450694.262000; 2.00; 0.00; 0.00
174468354.547000; 2.00; 0.00; 0.00
174484500.001000; 2.00; 0.00; 0.00
174504531.725000; 2.00; 0.00; 0.00
174513387.100000; 2.00; 0.00; 0.00
174532704.283000; 2.00; 0.00; 0.00
174546322.259000; 2.00; 0.00; 0.00
174561130.171000; 2.00; 0.00; 0.00
174578073.668000; 2.00; 0.00; 0.00
174591586.345000; 2.00; 0.00; 0.00
174609669.875000; 2.00; 0.00; 0.00
174630201.201000; 2.00; 0.00; 0.00
174647448.958000; 2.00; 0.00; 0.00
174660487.782000; 2.00; 0.00; 0.00
174676108.538000; 2.00; 0.00; 0.00
174691689.435000; 2.00; 0.00; 0.00
174706797.620000; 2.00; 0.00; 0.00
174720138.026000; 2.00; 0.00; 0.00
174738598.847000; 2.00; 0.00; 0.00
174753746.734000; 2.00; 0.00; 0.00
174770110.621000; 2.00; 0.00; 0.00
174783769.665000; 2.00; 0.00; 0.00
174801129.514000; 2.00; 0.00; 0.00
174825827.628000; 2.00; 0.00; 0.00
174835897.910000; 2.00; 0.00; 0.00
174856362.881000; 2.00; 0.00; 0.00
174866561.428000; 2.00; 0.00; 0.00
174879913.068000; 2.00; 0.00; 0.00
174896247.703000; 2.00; 0.00; 0.00
174922711.644000; 2.00; 0.00; 0.00
174930561.001000; 2.00; 0.00; 0.00
174949305.463000; 2.00; 0.00; 0.00
174960984.688000; 2.00; 0.00; 0.00
174978000.195000; 2.00; 0.00; 0.00
175002810.198000; 2.00; 0.00; 0.00
175011022.288000; 2.00; 0.00; 0.00
175024056.120000; 2.00; 0.00; 0.00
175042224.934000; 2.00; 0.00; 0.00
175056443.185000; 2.00; 0.00; 0.00
175075430.401000; 2.00; 0.00; 0.00
175112948.827000; 2.00; 0.00; 0.00
175126792.163000; 2.00; 0.00; 0.00
175148202.153000; 2.00; 0.00; 0.00
175159278.457000; 2.00; 0.00; 0.00
175190779.815000; 2.00; 0.00; 0.00